case,idx,energy
162,1,0.702276534859318
294,19,0.3512388190157526
251,14,0.45782193526981885
268,12,0.45024574494640257
355,14,0.1801888335311761
272,15,0.4376854042134637
154,11,0.70137939561063
135,2,0.7755942911739184
144,5,0.698822177063127
21,1,0.9890877662758589
70,13,0.918912305714382
253,3,0.4453543210968184
331,10,0.3262762030782089
114,6,0.7717240332375812
374,12,0.20135122551647155
133,0,0.7732080494479054
285,18,0.33560715551691744
210,6,0.5415532363916928
347,4,0.3272132499602881
379,11,0.16013798651122002
257,7,0.4480011361937979
373,15,0.1627065513466479
338,10,0.32884359415971365
299,8,0.34506448212803165
55,5,0.9548444345675227
111,11,0.7732373932959873
415,19,0.030053577954084476
222,0,0.5553237174195257
31,0,0.9814516753772251
366,8,0.18747941039992932
348,13,0.3137389461724277
226,4,0.5548080481959012
275,0,0.44062252778079924
352,14,0.1975459152972221
220,1,0.5428885771050691
301,4,0.33270328831074136
140,0,0.7087165313850063
2,2,0.9917676029832131
112,15,0.7807134232846175
8,1,0.98322623480869
329,10,0.3314094202359873
33,15,0.9882836274630249
357,1,0.18337557543286098
357,6,0.15956284708881663
378,10,0.18827325930336936
122,12,0.7496038580508957
102,10,0.9172149401659376
259,9,0.4498263235444866
1,2,0.9920806040294191
289,13,0.32287544671118074
365,8,0.1882345254239013
317,1,0.3317740664548172
268,1,0.4385117269754475
62,13,0.952440508282399
70,5,0.9113736363913798
364,0,0.18506225982060354
186,14,0.6169168457945572
60,17,0.9549360656237995
382,18,0.2004591725347844
278,16,0.45166011842394604
187,7,0.6273753845022229
51,17,0.9548618061255871
77,15,0.9236604142099346
342,13,0.3291033850280647
289,1,0.33346114209386757
22,5,0.9858290341335467
112,3,0.7821551843537038
261,11,0.45561997290975964
336,2,0.327574766168656
14,10,0.9929216769657054
216,16,0.557643055171912
71,10,0.9171392330378866
274,10,0.43033887840770113
268,16,0.44210928275027783
234,11,0.558017482673436
47,17,0.9647087016638354
311,8,0.3175434738890617
326,18,0.3331626173460486
77,3,0.9243625146817054
328,19,0.33308045457141955
148,4,0.6902263858316947
100,2,0.9094182406054694
213,19,0.5480327492994647
353,5,0.16897674480476965
23,6,0.9870531421001276
287,16,0.3313417337597453
219,5,0.5515094084201978
270,13,0.43721120762846166
215,17,0.5555702057434129
277,7,0.46525492761459575
84,10,0.9226718395306237
147,18,0.6928023844419702
17,11,0.9944612508617311
134,13,0.7720878969537956
414,16,0.044860874947474594
275,17,0.44244223761317936
157,9,0.6954945846906495
129,14,0.7728840933650822
400,9,0.05817711320700103
318,8,0.3310439915145418
247,8,0.436355541018396
379,8,0.19384350417191287
359,6,0.18812967007342252
193,8,0.6211943963422699
366,6,0.18867976941212938
186,17,0.6286469512524346
263,19,0.4415709209508035
370,8,0.1779094034121811
371,14,0.18571017198624995
37,18,0.9515888715608034
327,16,0.32415562099016326
127,4,0.7772168103471887
300,19,0.3225421005969714
110,16,0.7685122512522
28,1,0.9895560158409831
89,16,0.9149501428458526
345,1,0.33115119437286733
320,10,0.33678325694803657
127,6,0.775978891209444
40,0,0.9571455400089677
315,15,0.33398502759495496
314,9,0.3460390891356556
32,15,0.9879687092854109
306,16,0.3415299178137505
379,19,0.20781978338762608
366,9,0.18925530008584057
58,11,0.9489313753031221
220,0,0.5491732468615778
179,1,0.6321302616453996
338,8,0.330874188446975
188,16,0.6289775586074897
192,16,0.6281891872223585
239,1,0.5600930708610895
216,4,0.5597170783543346
351,8,0.18511038373145783
323,18,0.33455547200166535
9,0,0.995485938036748
79,11,0.9225438612278563
309,13,0.3286487510084505
221,15,0.550613442925433
279,17,0.4478575469638508
381,4,0.19009962040798123
131,14,0.7604098279198499
240,14,0.5417007381347174
97,4,0.9169086686422251
114,5,0.7682141177556887
100,12,0.9143773509312956
129,15,0.7781233396272629
157,14,0.6912221204099376
110,11,0.7741153612305951
415,17,0.04172695197233711
188,1,0.6268397614619029
383,9,0.18499339959043826
188,9,0.6235055178171934
337,18,0.34150253022220745
339,15,0.34739203615788106
370,7,0.20633459342337868
184,18,0.6191125481336923
362,3,0.18787105295899464
337,10,0.3345202593839671
255,9,0.4437419744575498
255,13,0.4437325844261636
56,11,0.9513254029301594
151,16,0.6926979203427989
180,8,0.6254062166702794
220,4,0.562852957586011
262,19,0.43877543035687616
325,11,0.3292598855511676
210,17,0.5548808209391441
40,15,0.9559601267967239
318,16,0.33441423027956485
12,9,0.9945904420435527
120,5,0.7717596371065871
266,19,0.46127277180423987
341,12,0.330206322464633
222,12,0.5500719511154968
16,5,0.9888551673733971
14,3,0.9913887934670423
138,4,0.7719306139280773
338,11,0.32038591463991983
144,18,0.7034585050600533
293,8,0.31821368737925027
212,15,0.5628791714236306
91,7,0.9130375890781417
378,5,0.18782058154029402
1,9,0.9921560764066855
391,3,0.03684296189760028
99,18,0.8956566801074535
128,15,0.7703264835662714
363,17,0.20829319747001285
37,14,0.9546303809770486
208,17,0.6323771412205946
47,10,0.9595134711737776
115,16,0.7784754658042445
308,10,0.34246931220367627
164,13,0.719612097803437
64,14,0.9487573075963007
151,15,0.6972642143556366
55,0,0.9521232817220693
40,3,0.9552691769872241
210,12,0.5494631640806261
228,2,0.5558233453395319
117,9,0.7706312683350145
159,5,0.7023786514506426
233,8,0.5541354871978661
360,13,0.1927378279761902
90,14,0.9183427611856794
44,13,0.9545635943788143
10,8,0.9933103068897009
406,9,0.018823491667521175
169,3,0.6877125961793529
203,19,0.6288730945083185
238,19,0.5554547866076244
269,4,0.45146136275960513
106,19,0.7698624595152711
202,9,0.6389321656307637
374,4,0.18231176312706832
251,8,0.44043785716353767
287,10,0.3377066100343442
154,5,0.6954433307693332
381,18,0.1917816097800309
58,0,0.9490948400995032
228,4,0.5657087008813328
58,1,0.9509089159130515
316,0,0.33345722958079005
302,1,0.3307450755154151
200,10,0.6321897318441789
325,0,0.32720151242105544
417,1,0.04505963061181539
235,1,0.5501412025969699
218,13,0.5518110631784788
110,10,0.7693444427838001
35,18,0.952835867728888
22,14,0.9893308898384994
172,7,0.699474001741851
326,9,0.3334552733242512
302,15,0.3259107743567634
22,4,0.9831924306956997
6,16,0.9978664674936677
373,6,0.18026043252049595
90,8,0.9212341083500073
31,10,0.9867554781051857
35,3,0.9559641566851939
8,4,0.995042963306105
399,16,0.028899777847507524
139,12,0.7733582899500844
403,15,0.03040218286929619
190,1,0.6315559047256116
243,13,0.5542509063336546
46,5,0.9532772774543
317,0,0.3330264618909491
41,10,0.9573869420658541
275,18,0.4346880279447336
400,19,0.047005323365293616
258,0,0.4467722158361316
152,10,0.6996215034848755
347,15,0.33177132769566287
28,16,0.9861247809970806
126,6,0.7753356740594907
263,7,0.44064952412103453
398,5,0.038563685149117566
49,11,0.9540722609865324
270,17,0.44926487791785463
118,3,0.7822299133534856
407,15,0.028321117163334186
223,4,0.5532410867083324
77,0,0.9259227075216501
27,11,0.9933554572906161
367,14,0.19754239403545215
262,16,0.4340710246324
199,19,0.6280268179296391
27,10,0.987129827356448
166,1,0.7003781835140785
364,11,0.19081287154202342
397,4,0.03686056820644956
131,15,0.7761745168633227
214,3,0.5657024408604087
249,13,0.4321132030883814
346,16,0.33285470256684346
298,6,0.3147796746510627
24,0,0.9898293831297132
227,6,0.5459454235725785
413,4,0.04423487285506278
86,2,0.9216537253775772
333,2,0.33164221476410294
416,2,0.0413881283398192
163,14,0.6990342352719315
370,10,0.18184930408129918
40,18,0.9534564705532529
76,10,0.9213655687894138
59,18,0.9494002899954694
346,11,0.3345006968185793
234,8,0.5579521437050405
314,11,0.36680983856188554
375,0,0.18448555539296896
39,3,0.9558201370788083
292,8,0.32282223653332576
225,6,0.5550960091584108
30,19,0.9860800609726039
168,9,0.6971640540208507
73,11,0.9180065589369234
173,11,0.7080525779157418
224,14,0.5494885954156303
410,17,0.04442462973932493
281,9,0.3358035636734118
218,18,0.5527567175893286
104,13,0.9120032379958232
144,1,0.6969437795345832
345,10,0.3480266457790636
215,9,0.554600293751482
186,5,0.6157751744785208
116,8,0.7736654222266739
133,14,0.7717549420908941
226,0,0.5508071123227731
214,17,0.5541710910668721
122,16,0.774697934427846
189,16,0.6295206154226571
202,12,0.6531130692804342
42,15,0.9553278646833878
82,2,0.922374332036205
227,8,0.5531628364467809
15,7,0.9935390715293467
174,0,0.7040179944301466
36,18,0.9514572937460044
254,4,0.4422094430850637
118,10,0.7677160548409134
197,4,0.6100339527884873
270,1,0.440547016278402
409,18,0.04174768829164832
349,14,0.3269828029400189
27,8,0.9902604638206005
248,17,0.44510039899808385
146,6,0.7115022406962397
150,19,0.6968068415768681
14,15,0.9918570039070357
247,10,0.4467233094226618
369,9,0.18089191213121647
270,3,0.4333370371790469
305,8,0.3523022400702376
314,17,0.37287149507297246
409,17,0.03969635768507551
386,13,0.03687465325352868
87,6,0.9136324475664561
161,6,0.7052559135678912
416,19,0.03754838800548699
184,14,0.6331502538047235
47,12,0.9564214120885701
58,3,0.9615090875941255
183,1,0.6268769303361398
255,14,0.44413792078100034
97,6,0.916124444520956
10,6,0.9947117299489575
280,6,0.33917341118712707
112,5,0.7728621832918479
395,8,0.03345668182895922
296,12,0.333570301208732
383,15,0.18573208205948433
277,11,0.4496275678801458
124,18,0.7736251233419749
263,12,0.45523693787946495
134,14,0.7568283134486379
351,17,0.19508885708450485
390,0,0.0381806501188231
297,18,0.3345280844101223
272,6,0.4400704721855534
71,0,0.9185403822212277
163,19,0.6963975927089537
418,13,0.04796701907976142
347,7,0.320251715441359
105,17,0.7616594845968274
276,2,0.446269849156971
187,18,0.6277036443494314
219,1,0.5386470216776701
336,9,0.3339834625897238
114,19,0.7691464696220749
6,6,0.9937429134606883
86,15,0.9164962115135871
21,10,0.9889849454321802
61,13,0.9506133646751715
367,11,0.18947205331033823
359,16,0.18972832291691955
388,6,0.036702893929423164
15,17,0.9903333148141049
64,6,0.9474639872733777
291,18,0.33454412571374037
289,15,0.32701175553679296
166,19,0.7021607244722217
153,6,0.7038740139488918
296,0,0.325053151490159
25,13,0.9882993557655968
258,2,0.44628784671712773
287,19,0.34130142705002
208,5,0.5888977746408119
233,12,0.5476015903583159
376,7,0.1831549096952858
377,3,0.1820093258661719
389,2,0.03869162432675455
316,9,0.3408135366692465
205,13,0.6078507704912005
92,13,0.9058199023280236
271,13,0.4424512363932578
354,10,0.18388028961986835
307,16,0.3408565743130998
28,6,0.9865820364004568
343,17,0.3274800833521787
37,7,0.9561750411400751
49,13,0.9500704252353964
88,10,0.9162556702095779
189,10,0.6327617412561203
43,6,0.9561323947475295
355,16,0.18958864620005
50,5,0.9472651533587753
301,11,0.3432361647668809
93,0,0.9103254350127667
255,12,0.4489780907092684
190,14,0.6335532426517136
416,14,0.035142583714086184
248,10,0.4471493820968099
173,4,0.6939233194386953
124,3,0.7734044576043997
224,1,0.5487546079622773
398,3,0.037920467999164265
163,5,0.7027014337795425
27,15,0.9887746478542606
249,10,0.4458915091423694
55,10,0.9532836548506165
311,16,0.34003768532596346
231,4,0.5509964779557277
296,19,0.3441947304708868
195,1,0.6335309413271716
118,19,0.7739377331368731
93,9,0.9121799662115373
64,5,0.9376953419966807
10,17,0.9926726846334485
358,10,0.19231097279942677
407,10,0.02994911385491328
17,4,0.9915454504906684
173,9,0.6964296753161898
303,16,0.3274605207867909
47,1,0.95662364988955
42,12,0.9567741642676442
113,1,0.770304573493037
238,2,0.5588085928177217
64,18,0.945830865189667
154,14,0.6921576022867858
221,12,0.5462326020324725
99,7,0.908775375581693
253,9,0.4492245790331556
292,18,0.3346744123992236
411,5,0.029316851741577166
270,10,0.45124656579164635
330,6,0.3094132717138608
92,7,0.9114006327316151
289,12,0.3345374744415084
183,12,0.6274242909156925
276,0,0.44801756874872367
405,12,0.06285452259124202
185,13,0.6269242717443785
60,12,0.9478377496476783
122,4,0.780388293447871
299,3,0.34388094692206517
40,13,0.9557664182742532
354,12,0.19362675094741522
120,3,0.7719779553363159
186,9,0.624291932945786
278,5,0.4551970302460737
341,2,0.33363916143889716
59,16,0.9495681759316281
224,19,0.5497182599332839
248,16,0.443481792337891
350,19,0.205898348215229
284,2,0.3282535871876152
322,8,0.33860414053433985
419,15,0.045322942741936156
23,10,0.9877918636943045
329,7,0.3320690699408665
157,13,0.7037617248235654
71,17,0.9169041692521858
389,17,0.039986274904123986
294,0,0.33250022888201514
315,7,0.3351450877224559
179,12,0.6332508053908171
201,16,0.6081919416315651
406,10,0.04194761770991229
384,1,0.17665935548389577
377,17,0.19177221974864467
188,11,0.626502502834616
273,4,0.4396843071447968
104,15,0.9170918916296479
334,8,0.33555042407729263
247,13,0.442905870412872
305,0,0.33895431045478286
252,18,0.4492488366142364
355,2,0.19529974153938623
297,14,0.35229324129015915
240,17,0.5591474164502397
312,4,0.3333754580574687
8,10,0.9921507945140309
18,8,0.986217703182673
163,2,0.7001054813525716
335,17,0.33243606366754297
1,15,0.9962509125936755
373,16,0.18400353378181178
323,11,0.3288353778822507
118,2,0.7741748314293742
12,8,0.9964150425172797
236,19,0.5517390729378514
14,19,0.993014755651821
133,4,0.768756000816933
114,12,0.7704876791050675
353,15,0.18905184940580666
318,14,0.33726566981050143
243,1,0.5596118317525478
353,19,0.17057305014042012
294,17,0.33315518357120133
414,12,0.048246763764808076
112,9,0.7734263676776341
63,7,0.9495582772735419
125,15,0.7748681287467205
88,13,0.9124794690876256
125,3,0.775732011634249
6,14,0.9940961742664627
112,16,0.7771765114624897
394,6,0.040777385048409664
77,16,0.909018068767895
364,13,0.20301482607705634
314,0,0.3420217207076016
366,11,0.18924238879268462
179,18,0.6264144712903704
80,12,0.9302243591499206
125,12,0.7699767048971362
97,13,0.9143948789898833
193,15,0.6350728627310438
120,15,0.7729819061920216
139,10,0.7739115192992534
296,8,0.32345645490320074
272,19,0.4418530131436966
195,18,0.6406352825734322
110,13,0.7718331923524455
147,10,0.7017839494628513
127,1,0.7535832751020972
38,3,0.95149035448151
284,7,0.3315033205498491
381,15,0.19561156883166908
174,17,0.707910162439718
51,16,0.9444077668079607
245,14,0.4413733390403859
167,3,0.7067407122808309
219,0,0.5510078242436527
265,3,0.4397246060294958
239,19,0.5614307590823124
253,15,0.4425498317228127
276,7,0.4509132196774369
365,9,0.18997363748688345
218,0,0.5502444929422178
85,8,0.9091956577364861
159,10,0.7043458630260473
399,2,0.03978908424501415
334,4,0.33808612380286907
60,4,0.9543953563164786
395,12,0.04772796453072159
239,17,0.5573144040733958
74,1,0.9117722040985923
238,6,0.5509518753066434
217,15,0.5420317367410803
403,19,0.04531707397231988
3,1,0.9912528336375965
340,16,0.3239905129382896
145,7,0.699774091494901
274,13,0.44708756439018416
60,3,0.9556659840635519
105,13,0.7696680076153156
16,17,0.9891091677223933
270,8,0.43569432630828575
362,14,0.18776502385459248
340,8,0.33446118043649575
86,0,0.9167015401998982
307,15,0.3462429310669972
88,15,0.9167405088301509
336,11,0.33414465812852
387,0,0.052471104134665714
391,2,0.04175786082565014
236,18,0.5530978887296932
200,1,0.6457900185531371
243,5,0.5510254305525017
288,19,0.34085970432356183
138,15,0.771582400264173
382,9,0.18389554842087086
94,12,0.9167917627514672
144,19,0.687473541630313
412,13,0.04314093419857268
267,3,0.45416960431190256
161,1,0.7015961488351277
187,17,0.6298144451547831
252,16,0.4426711196282175
12,18,0.9912380443381633
309,4,0.3257190612159623
67,3,0.9592194849411286
115,12,0.7718750562423756
340,19,0.3380317398710906
405,10,0.04131300808872962
82,10,0.921707131181086
323,2,0.32702310182471794
267,19,0.44352561248435984
77,18,0.9112930777471124
344,13,0.3328734826296159
364,1,0.1975400465276056
366,0,0.1888108386002283
322,13,0.3264667424650869
151,6,0.6990815766801702
288,3,0.3319853421610064
131,9,0.7763114548210379
225,12,0.5465815981989921
235,8,0.5590953800263079
22,8,0.9877845081697187
198,3,0.6255012907380645
352,12,0.19281725199166488
408,6,0.05379744606796355
260,14,0.4405728388647141
319,13,0.3356404118780769
189,3,0.6437805518364946
85,19,0.9130019069588742
182,6,0.6365568789413679
95,17,0.9205485186834239
68,18,0.9479142001532141
60,14,0.9532127992387815
256,9,0.4478117705608433
3,11,0.992915808196089
71,8,0.9173398275833738
33,8,0.9925954125001664
290,1,0.333413800685629
312,10,0.35605512261424743
194,8,0.6379016096861304
340,1,0.32819529074275944
199,8,0.6286716000848234
217,12,0.5432590920935154
371,0,0.16893057715045434
393,8,0.031064571333329738
225,14,0.5485761973659399
78,6,0.9198135139766705
80,6,0.9240138706413628
137,10,0.7775399839273964
392,16,0.04118702516763162
397,12,0.05423643003526757
141,5,0.6965877408445239
5,0,0.9922652746466807
147,7,0.6960665941025909
5,6,0.9916931087342161
413,11,0.04066744343092976
153,15,0.698615596372631
96,1,0.9140172823527664
244,8,0.5596177005221642
408,1,0.038297243008534876
339,13,0.33623394011194496
272,14,0.43857745719515084
239,3,0.5474356998038267
360,9,0.18093807978553178
363,10,0.19630995241601612
283,17,0.32770896536721683
154,7,0.7052226572067318
276,15,0.4524218847201499
264,12,0.4558519849352598
242,19,0.556754132200687
356,9,0.18722783580904134
339,10,0.3364925572263727
46,8,0.9570118103119761
340,0,0.33064374142670583
98,1,0.9152504673496873
296,3,0.3207130007332051
223,19,0.5530067271749858
243,10,0.5620673249600339
120,8,0.777990705433933
392,4,0.03631790264258972
178,2,0.6309385101619703
359,4,0.19228123770003713
359,3,0.192246025082339
0,9,0.9931478202215892
226,14,0.5406420120959256
150,9,0.6904544853441175
268,7,0.44399589655628435
187,16,0.6291180178269747
178,0,0.6319146821748254
44,11,0.9542180803489337
100,14,0.9132226900718416
7,15,0.9949489064917201
254,7,0.4441766546604684
65,4,0.9539629453711451
227,12,0.5513779479807912
72,14,0.9230096850348724
27,1,0.9915686908183492
34,12,0.9907354037830873
245,9,0.4472483686776725
340,6,0.32834592249624606
245,18,0.4330310786563806
399,7,0.041064563508303564
145,15,0.7046353889937879
273,17,0.4406710429429611
49,3,0.9540962055665673
285,12,0.32657942284172103
174,11,0.7067931399560704
279,13,0.44546543646822157
86,12,0.9117912580372801
394,3,0.036617209893024194
253,18,0.441826408054769
310,16,0.33858888173333734
70,0,0.9194129508877885
177,18,0.6239405892714198
324,7,0.32302764346989843
225,11,0.5522473083866284
71,12,0.9201468209657492
172,14,0.7000573574417174
191,15,0.6206806833751843
189,12,0.6354672440492634
382,17,0.18940867059848165
68,10,0.95131988628672
110,7,0.7723073889374477
26,8,0.9904768257937904
326,12,0.3424352733399013
58,13,0.9504022845946364
324,16,0.3199383231438453
145,17,0.6986762403253335
38,16,0.9532699219297142
332,14,0.3182050798504795
152,9,0.7035093677300618
209,19,0.6292486957637657
412,15,0.04975660256144421
103,7,0.9146746236749298
182,19,0.6384489702656833
72,0,0.9169306178405903
291,4,0.3352526818320891
164,18,0.7029710059305875
386,0,0.05585151543369049
256,16,0.4423874624300933
142,8,0.7028954944281902
249,5,0.44788689081193267
67,17,0.950828396393915
253,0,0.44477018289433645
253,19,0.4436965893058499
162,18,0.7118148504911379
328,11,0.3336051225751224
148,14,0.6980048530812216
215,4,0.5598606675842815
240,5,0.5460538001848273
413,9,0.04767710186071317
133,8,0.7715683152170938
338,6,0.33057879370961807
29,16,0.9847033258708668
53,17,0.9537188436802351
135,10,0.7774722974511543
152,12,0.708191080878688
178,16,0.6248451622949551
237,17,0.5484854270625401
388,14,0.03400873742420485
245,4,0.44633518812536643
57,19,0.9506352356232752
338,4,0.33545417625558427
412,11,0.04013534165237953
357,14,0.16331181711974896
317,2,0.33296425293301557
105,8,0.7757367066499421
165,18,0.6952735277017664
36,19,0.9560894353539378
296,2,0.32866087979899083
332,0,0.3367030504299463
83,6,0.9238867922166031
105,14,0.7721317171002645
36,14,0.9554371411736445
272,16,0.44675813078905224
71,2,0.9184610364560144
197,16,0.615732919337283
389,11,0.0462885509694817
147,8,0.6995170393857043
408,18,0.025355432250532273
402,19,0.043406985087847794
215,11,0.5474016609400518
167,11,0.7003511871738433
411,6,0.020590773824661568
188,13,0.6280049078564047
175,5,0.6186356127895358
117,1,0.77155501267263
99,8,0.8976128583959793
82,17,0.9233115745439381
317,8,0.3223128273306255
21,18,0.9806091939362309
29,3,0.989107133215593
127,5,0.7691566421560765
313,7,0.3522443348766895
3,18,0.9943176616317841
412,7,0.043246572051667265
277,9,0.4514946191207646
95,1,0.9142875587561653
350,0,0.18030855643135002
31,17,0.9837233195951959
296,7,0.3225835732355937
193,6,0.6354414214629515
151,0,0.6986774140792567
214,4,0.5595155839308394
311,12,0.3445022539987841
405,14,0.04447549240933357
175,1,0.6315406459246091
409,14,0.0654344337145949
138,11,0.7766616247414808
9,8,0.9928241380146814
210,19,0.5523149948628705
59,0,0.9515174290720068
291,1,0.3392884390716078
368,8,0.18533691823864928
144,3,0.7038137612474971
197,8,0.6105014981012575
173,19,0.6978456137989643
342,0,0.3344283153266441
291,9,0.34390363949791514
139,8,0.7729791674328672
225,3,0.5631847386949893
42,10,0.956299106929765
409,19,0.05958366165838935
177,12,0.6246538404054617
127,12,0.7542022346709696
242,10,0.5634151857152584
145,19,0.687626912142954
143,6,0.6933247049378264
386,16,0.03869553683983207
36,0,0.9606903551075121
18,6,0.9961141702616142
342,4,0.35181787095123385
322,2,0.3121755059466287
66,1,0.9498713565700094
23,15,0.9835614589291766
172,9,0.6964480641276545
197,12,0.6318888595885134
246,15,0.44373923569839546
74,5,0.9143222627471634
89,12,0.9182863818722315
39,1,0.9594898004696581
336,18,0.3429634626053739
217,7,0.5530603286041486
103,3,0.9214562999676827
55,12,0.9553415976042902
154,15,0.6950047380533371
416,18,0.03572672191656823
243,11,0.5511267646412109
18,11,0.9915297613132273
370,12,0.1893581991797808
11,4,0.9973776772348864
365,13,0.19163215178046733
396,16,0.0411674626022438
312,9,0.3412861682490175
87,0,0.919113291511177
362,4,0.19622387712830958
5,9,0.9917502705502794
308,19,0.3339513799824878
400,1,0.048787864323436736
349,16,0.31376281250220095
142,4,0.7025750596071368
233,14,0.5438991792330068
347,8,0.33751137563177314
354,1,0.1963314712379427
336,5,0.33285548506945906
412,8,0.05346214369721558
363,8,0.18833781576914932
124,8,0.7722127061209704
97,3,0.9208184038355149
327,18,0.33215905774165067
345,2,0.3369812301097618
38,10,0.9572709751782347
37,8,0.9541518806276612
415,18,0.01669508455332025
165,6,0.6989258586596827
125,13,0.7698507219760384
315,13,0.334067190369584
229,19,0.5568582050485504
389,8,0.027013946544116596
419,4,0.046085491540755585
373,12,0.17802091003489195
7,8,0.9940466418509005
179,6,0.6347332565959103
4,18,0.9966603570872437
129,6,0.7765540306318475
110,6,0.7723821179372294
190,19,0.6304247971948848
166,15,0.7058572668279145
316,7,0.3352233379840074
317,15,0.33858262171241327
1,0,0.9928664322810501
409,2,0.03750769786948038
78,18,0.9092978134529416
173,15,0.6929772737765377
188,17,0.631295722605953
123,16,0.7765974595270086
279,7,0.4467988209250592
122,18,0.7721227183201861
189,2,0.6292412619889184
279,12,0.44714468708111677
110,9,0.7735558718605018
202,18,0.6181477224087624
374,2,0.1811356616959494
345,8,0.3251697443798707
131,10,0.7771682951850267
353,18,0.17897595447712789
69,12,0.9530480824382157
104,8,0.9143480853334753
350,18,0.20165522778259892
122,6,0.7695600222543746
194,2,0.6305022649538208
9,7,0.9921301364449813
14,4,0.9921892545175833
178,6,0.630056629714285
134,5,0.7635003219998264
195,19,0.6351679367988289
198,4,0.6060103243395092
323,19,0.32685564626499786
181,18,0.6282290948557497
236,9,0.5716639370367097
13,2,0.994492511841221
343,11,0.34809902727099884
410,4,0.046385581293805656
380,15,0.19091498813334784
217,13,0.552594739547917
35,5,0.957636599525334
196,16,0.605166786519984
285,8,0.31331913351920393
312,19,0.3349287257492659
262,3,0.42873240053804895
152,16,0.6970548949059864
170,11,0.6979680754582923
115,10,0.7746811106216124
179,19,0.6281735371700482
355,11,0.1714643206194919
185,9,0.6136733724532476
373,9,0.1964832767453526
79,19,0.9170801540904152
47,2,0.9553693373220101
171,12,0.6979375578562873
365,4,0.20140991321263502
338,13,0.33173728883188813
138,6,0.7736435121534395
219,18,0.5527680638772537
256,0,0.4466466241663415
283,10,0.3302071049672485
394,16,0.04390035298692996
45,0,0.9618773724501175
218,6,0.5550471027449411
3,10,0.9937751134433168
230,11,0.5550482764988643
222,14,0.5546636764633387
389,7,0.04117059261270595
78,4,0.9114516910272774
137,9,0.7720847669433336
317,17,0.32586695421029455
211,8,0.5552881135505198
85,9,0.9160262404427089
319,5,0.3255128717767741
394,9,0.04628150844594203
409,3,0.04881290440713326
150,0,0.6969191307021945
363,2,0.18707094403463054
108,12,0.7773275344672841
191,1,0.6328059526538968
378,6,0.20952211782767893
1,4,0.996242813691605
150,6,0.6997909153011346
272,3,0.43839787284489007
254,16,0.44375019073501276
405,16,0.02593917920170652
368,1,0.19079174397140441
252,13,0.4337216372145726
30,14,0.9887454213815711
164,5,0.690774528913863
139,0,0.7741169262358261
375,17,0.191294110650565
236,16,0.5527895826991803
192,1,0.6393308507133687
118,16,0.7828637404720526
367,17,0.1884430623709361
91,15,0.9147816700327323
181,9,0.633465602358776
206,18,0.6139902860125311
24,13,0.9861888288361604
298,3,0.3387324709632843
324,12,0.34021961718407057
136,0,0.7743434607430176
354,13,0.20210281927867357
55,3,0.955948624008276
32,4,0.9884055022453914
208,8,0.6502624122521131
282,13,0.324418933120284
91,1,0.9145748937165824
395,15,0.03762389950788414
213,11,0.5533185544672684
281,4,0.3291659852373058
66,5,0.9428998842678633
73,12,0.9206726235982445
28,12,0.987797888964444
355,10,0.19134340831534247
173,1,0.6974602312608231
79,1,0.921312671612605
340,13,0.3385701016705649
140,6,0.6862160599271805
184,16,0.6183566506071048
327,17,0.31507546063972725
381,10,0.1861784998016358
39,10,0.9574059177542802
418,10,0.047526861358534234
342,3,0.3515909451927345
250,12,0.4490618184891285
390,2,0.040662357163929075
276,14,0.44400802534682493
408,4,0.02911379231285105
178,4,0.6249731014725918
120,14,0.7695373296785246
2,12,0.9916785150604368
117,19,0.7755285609542151
113,5,0.7691648584335394
234,18,0.5482530237857322
154,9,0.7034416812538198
301,18,0.3337205417109108
353,3,0.190248687156237
332,15,0.3332709939582974
0,3,0.9975122285596241
197,15,0.6113125620622388
31,5,0.9830120638428235
369,12,0.19125185550932722
38,6,0.956330172283601
167,5,0.6952578776494562
405,3,0.03350715324765985
36,8,0.9548009274221001
98,12,0.9195047775697192
406,12,0.025343694711299714
333,10,0.3322099204116591
302,14,0.33744329790422334
176,19,0.627697775579815
228,6,0.5494768578763976
144,14,0.6892361287717605
294,9,0.31733493694202686
289,14,0.33366028900951616
302,13,0.32531724612289525
314,6,0.34400849484839413
90,16,0.9153622087231827
90,12,0.9192820773253436
81,3,0.9258943809269684
115,14,0.7698213781279566
419,17,0.02471730136757988
323,4,0.3284640803911888
254,10,0.44192461213301615
80,18,0.9104492660516719
228,16,0.5462103007079302
59,2,0.9527486969375196
40,11,0.9601866190487742
154,13,0.6914674349799016
99,4,0.9084239145319344
272,18,0.447471773174402
239,6,0.5481469946813299
265,10,0.4464224371669965
369,19,0.1934862917279303
359,2,0.18512994629684565
400,11,0.05718059612614268
107,4,0.7695838885841477
53,2,0.9521789176580324
141,9,0.7017542143634616
406,13,0.03704132631063328
71,15,0.9167322534275573
407,12,0.041979309065840686
251,1,0.4515040091521507
378,11,0.17626262665782977
64,11,0.9545583907364212
373,10,0.18861443044373383
390,7,0.04123945284287145
379,14,0.20750365233095813
330,4,0.3323926347723819
89,6,0.9167083088475225
83,19,0.9183956192373575
119,13,0.7754518756978946
386,1,0.04103443715760635
233,3,0.5413763908005864
249,1,0.44879263758939125
411,7,0.04188188749020916
205,14,0.6381868318894857
50,8,0.9555748225088443
57,6,0.9549892366765238
398,16,0.041129511225391324
209,12,0.6243873982648788
113,15,0.7796323959212834
247,16,0.44129626253275767
204,13,0.613178830800242
195,14,0.6396508942831143
324,0,0.32821563581076285
132,12,0.7698225518818798
286,0,0.3282848872922359
2,18,0.9937915851233734
298,13,0.3325980417089546
270,16,0.44414770206369425
24,10,0.9883998682265597
39,17,0.9574754822367995
244,3,0.5533349870221942
72,2,0.9181331678601137
336,13,0.34467205706635085
400,0,0.05579517524537336
292,0,0.3475043252832074
146,14,0.7115182819998578
222,16,0.548719395344579
246,7,0.44500023866329796
306,9,0.31081277764170945
391,17,0.04411084619050354
67,14,0.9471613543868271
202,6,0.6349042334174003
270,4,0.4336398656912511
106,8,0.774033198455966
370,2,0.16694106425050736
225,10,0.5541077083550153
349,13,0.32440836933497463
205,8,0.613135401905081
23,8,0.9878070833701763
148,3,0.689091757039198
141,11,0.6985056547551511
1,3,0.9963077614086926
100,10,0.9107276022320105
203,17,0.643458943261518
277,12,0.44535666860466494
310,12,0.33896996050709305
301,12,0.3234678011911256
400,4,0.0048272586351121305
20,12,0.9901863608229111
346,9,0.3464729868359586
293,3,0.3370473515807728
307,5,0.31807753192415056
379,1,0.20711553103366254
406,16,0.0371399216401882
359,0,0.18427740969724216
235,3,0.5467322299524787
366,19,0.18584710994396514
114,17,0.7710639922813943
304,2,0.34141919369365503
252,8,0.44320009139630556
208,4,0.6322456807811881
409,13,0.04097927072321261
175,11,0.6326158045183268
358,5,0.18030581767219567
354,17,0.19119160280793257
276,12,0.441991124855335
153,8,0.7015057697830357
76,18,0.9207458658430567
237,12,0.5495785832164145
194,15,0.6357927651373176
161,16,0.6985717762261622
51,1,0.9539927195956655
108,19,0.7685666351839782
127,17,0.778691045274819
250,19,0.44480696051726576
102,2,0.9141138823006517
70,2,0.920022442175013
135,3,0.7713359119402858
156,15,0.7079422450469542
278,4,0.44834817610377875
381,19,0.21101278531023504
32,10,0.9870668750210299
274,12,0.4456156769704004
223,7,0.5504201647794009
316,1,0.333387978099317
134,15,0.7728312744385349
169,6,0.6975713466322262
2,13,0.992586257219565
233,11,0.5654528225260594
237,14,0.5554481353353925
101,14,0.9197508746422987
259,6,0.4405513200427874
57,8,0.9538271811673532
314,16,0.352306543834623
57,5,0.9458091507420865
219,6,0.5598289762283533
39,2,0.9537947073088093
73,18,0.9200889157722011
29,17,0.9827871725911246
383,17,0.19540929190555834
53,15,0.9539338753989787
92,18,0.9036710327704272
85,18,0.9144927700670841
241,7,0.5598602763329737
275,11,0.4472945363319878
106,10,0.7556549507766731
317,19,0.3360754833323032
395,14,0.04514492339690657
264,1,0.45778907015996717
231,6,0.5369978974154723
349,17,0.3373106637108937
316,10,0.3308698846825897
218,15,0.5534202798072855
10,3,0.9925592608793297
264,5,0.44043785716353767
345,12,0.33221696293519876
83,14,0.9236969570820792
264,16,0.43914790160186123
354,5,0.1807381503672678
266,7,0.4518346165072058
359,5,0.18025378124826408
310,18,0.31705871351875015
157,4,0.6967070724933899
347,5,0.33276627977129025
250,11,0.46026882094853416
349,1,0.32557351572947646
236,7,0.5444633636187931
414,6,0.039589154826750184
282,0,0.3255492581483955
151,2,0.6947202983525974
324,13,0.31699102704250803
215,15,0.5685605316635772
42,11,0.9566605057627406
253,17,0.43260422347961713
196,18,0.6097170392292037
101,19,0.8969885778093214
418,2,0.062008246012562385
175,7,0.6300315896305885
328,6,0.3302700964277975
333,15,0.3335546511564216
59,15,0.9544370245807547
162,3,0.7103860007152075
233,9,0.5644422203981218
309,10,0.35258041975005316
98,2,0.91504533428903
192,17,0.6270048695137764
42,3,0.9626721994818268
282,19,0.3505686055255641
158,16,0.703978478048063
199,2,0.6250681755403769
275,12,0.44741738924262375
156,0,0.7029095794752696
230,3,0.5669106248987639
302,9,0.34155339289221587
54,15,0.9537583991874494
42,0,0.9607009188928215
257,11,0.44582147515828086
248,3,0.44015263496018253
385,7,0.03855742512819371
10,13,0.9945745963655885
20,9,0.9924177844064446
252,14,0.4448981220719732
61,4,0.9541748470794265
69,6,0.9424965432946961
310,17,0.33485517050340763
45,4,0.9551885009675647
304,10,0.3388741039366926
240,13,0.5512918726930847
94,2,0.9129384459967559
338,14,0.31656612812228335
235,5,0.5539026926697503
64,1,0.9503266948419776
270,5,0.4389710560107548
297,4,0.33667918410017306
242,13,0.5625380002832661
174,13,0.6957958481976227
274,17,0.4432501715636985
397,1,0.052006688832357595
230,19,0.5544715720712298
378,13,0.19981869414398523
65,19,0.9447620057420043
76,11,0.9196858095498186
389,6,0.044613995372279724
4,0,0.992312850805704
160,18,0.7122636157411358
394,1,0.06787779813154038
93,8,0.90468038289418
15,3,0.9906791809701625
211,1,0.5520728103033686
333,12,0.32959675292714674
414,18,0.04026328083001629
44,16,0.9570437755438199
381,1,0.1814384902081536
69,18,0.947711844976842
251,19,0.4450601001133848
310,1,0.34857478886123183
10,12,0.9907498800814744
186,18,0.6266320070174837
17,19,0.991838302094525
393,13,0.03292888381479431
207,15,0.6283366889653831
12,0,0.992346694043825
341,14,0.33788384687675843
236,0,0.5412496253768729
250,8,0.44006734217509136
294,11,0.33307536830441864
310,10,0.34782749886341513
40,16,0.9549621620860269
376,13,0.1844577765501183
260,15,0.4386365361426222
354,8,0.1921685573234031
168,4,0.6962833473270886
187,4,0.6304834848910483
408,17,0.021118571838826483
290,16,0.3312740472835032
368,2,0.19436738967300005
297,15,0.3375508920138567
239,9,0.5360436354758518
202,13,0.6221474845279672
214,11,0.5525403556161388
406,11,0.03981099431824875
88,4,0.917084183978885
399,14,0.04812117209501787
361,5,0.18477469010940184
64,12,0.9515110908008211
398,13,0.03836649449000795
15,9,0.9947992919916336
371,17,0.19129567565579597
337,9,0.3300165655803705
149,9,0.7046760791297946
93,10,0.9115313106684061
241,9,0.5428068055817479
67,15,0.9551172149792913
355,5,0.18071076277572473
312,11,0.34911275940939845
107,16,0.7664037979546948
180,13,0.6269677006395395
77,19,0.9170241269031443
108,8,0.7751686097510782
85,3,0.9198995892643773
235,15,0.5530865424417682
104,0,0.918627396512073
340,11,0.33467675990707024
343,3,0.3140523384699414
147,16,0.6941490714432714
231,12,0.5508098510819274
83,5,0.9182827823602002
382,1,0.1983143328656578
36,6,0.9544274389237147
17,10,0.9910934378548162
103,14,0.9154936691625892
223,13,0.5491853756521182
177,3,0.6247430457036304
120,16,0.772871573323234
416,12,0.04980277021575974
164,1,0.7006117605448098
256,13,0.44347318480912046
268,14,0.45907198319810405
115,3,0.7810338581056708
151,11,0.7035160190022937
297,1,0.3354056610934224
32,17,0.9811151601274228
235,16,0.540362267410879
174,16,0.6967203750378537
281,6,0.3396886891594437
396,4,0.03644271180976433
397,15,0.03654013338539608
250,17,0.44498928362668067
295,17,0.324974118725992
68,5,0.9416543748547481
257,15,0.4548374702942447
417,12,0.02975622696018876
36,2,0.9498349310732572
137,6,0.7637421153080206
315,2,0.32615061140841883
357,15,0.1936212734291065
328,18,0.3367073541943315
320,14,0.34007328919496926
58,17,0.9531106826474569
267,15,0.44358899519621664
141,19,0.6997424001389726
195,2,0.6302103914782337
237,10,0.5450905394651283
162,17,0.6994059240143011
143,17,0.7143145550964005
327,15,0.33316418235127965
238,17,0.5484869920677711
239,10,0.5595011076324524
271,3,0.43069843835953037
220,16,0.5490257451185532
45,2,0.9561798144060298
404,19,0.04275829041958579
308,8,0.3265074326010936
384,3,0.16375432234882248
301,7,0.3362018575047089
205,0,0.6110007347699561
284,5,0.3307904606671149
131,11,0.7768416003430494
360,2,0.20357470669845723
382,12,0.1737026693511725
193,17,0.6353029185000053
261,9,0.4505798735632276
141,14,0.7003386671319951
84,2,0.9204354861806127
365,6,0.1944018197880828
341,19,0.3381878491428859
260,5,0.44060726897979674
56,3,0.9554244646312732
333,18,0.3258125702785164
362,6,0.18805415857102514
386,10,0.03770880104166752
202,3,0.6147078409109583
355,3,0.1855255013689885
57,10,0.9520002723109103
329,17,0.32980450737156597
230,18,0.5549610274572344
102,12,0.9210099996009238
219,7,0.5557090999576668
326,0,0.2964675484427808
367,8,0.18885035498231173
292,14,0.3354170073813473
297,16,0.3174495735751999
157,1,0.6992764198314334
25,19,0.9908461279031826
139,9,0.772405201764387
311,10,0.3466674387359141
67,6,0.9483580356367343
374,5,0.18582559112203834
360,4,0.19325897471812326
63,11,0.9525293614543908
170,14,0.7012964503333854
291,15,0.3363313616875766
16,19,0.9885012414403996
336,8,0.33395881375733516
327,13,0.3307975031906545
55,16,0.952801320238413
262,17,0.44541457379821314
389,5,0.03231696676946161
318,11,0.33318061490620554
404,12,0.06602561444061639
408,15,0.029707711798026892
287,17,0.3367187004822565
235,10,0.5427285553201964
92,10,0.9166314670906789
342,16,0.35285820817856095
303,3,0.33066486899732483
341,5,0.34370449258226665
414,9,0.043282958423288775
165,3,0.7170450979732401
298,9,0.3300032630359069
264,8,0.4446316799313903
56,12,0.9529700278023181
62,14,0.9534117114036456
63,17,0.9511090800821003
216,14,0.5503739971250855
240,9,0.5500457372778771
145,6,0.7004619112939386
413,19,0.04074686744640443
75,16,0.9209936061711288
217,9,0.5528067977567216
375,4,0.1846244496072229
25,8,0.9916262047605895
21,14,0.9908854877847431
29,0,0.9803176725868208
384,4,0.17122017980345117
38,19,0.9548380180460754
95,7,0.9171746412812386
180,11,0.6325226867070805
198,7,0.6187181668154728
411,12,0.017686515367177913
43,2,0.957754014042792
8,9,0.9921618669260404
191,16,0.6177294747607696
86,14,0.9109948660003397
296,14,0.34329054869865916
214,19,0.5492683209293628
287,8,0.30981391305300454
257,17,0.4458124763782024
234,6,0.5514651970224212
350,7,0.19087273299211027
251,4,0.4373082379527855
281,7,0.3279832325339549
232,18,0.5385961590076616
386,19,0.037886037884081736
51,7,0.9489953448919404
22,18,0.9833618816370895
239,4,0.5439946445520996
355,12,0.17898964827289943
226,18,0.5556363272144239
313,11,0.351328806816537
156,6,0.6861757610424815
20,1,0.99509566485726
406,15,0.043443371459469304
298,12,0.3131888468337207
300,15,0.34053496573812314
63,0,0.9505588242428702
407,19,0.056828861200468817
52,8,0.9569174796216757
354,4,0.2032464468512487
147,1,0.7007404822250619
54,18,0.95378969929207
15,10,0.989707469222216
13,6,0.9929483603048944
104,1,0.9155951206266908
173,3,0.6923602704642041
90,2,0.9203028519872829
172,4,0.6927366542222668
42,13,0.9546422358916735
335,7,0.33361959887350945
143,16,0.6949304003048631
11,2,0.9938709308885867
113,19,0.7698389844368057
140,13,0.7029768747002038
98,18,0.9022361968494881
75,1,0.9123625631968676
67,10,0.9503335417398634
191,7,0.624403439568497
183,11,0.6308137009947957
200,2,0.6203931136639825
136,1,0.7747789234485518
83,15,0.9275116573327148
369,0,0.19482632745699968
355,18,0.20288453939157303
32,9,0.9877231599646623
174,1,0.6961151092647528
36,15,0.9547916547661062
60,8,0.9547071836087613
336,0,0.3310373402423099
160,17,0.6899798975078076
211,7,0.5550799678547926
167,2,0.6992533360042757
50,17,0.9534373774894345
228,19,0.5567412209075311
249,14,0.4396299232130185
171,9,0.6969253907231187
40,1,0.9611758588553083
53,4,0.9535069028468228
46,1,0.9558510459321212
340,17,0.3358090411917204
414,3,0.040530505473214795
403,7,0.04246837320053776
360,3,0.19371321748642956
134,9,0.7692888850980986
300,9,0.32882324909171023
232,4,0.5481192158384791
393,16,0.03659999483548293
338,5,0.32355896274583307
134,12,0.7717248157401968
342,5,0.34202524196937145
29,18,0.9868062233998018
259,18,0.432768940280183
49,19,0.9537201739346814
350,9,0.18846223368501636
202,8,0.6417507400518488
213,18,0.5610899791932557
35,19,0.9552257872171939
115,15,0.7801308500873665
93,19,0.9063235210113691
377,2,0.18483259530294993
366,10,0.1881343650891154
35,0,0.9518845401740756
334,1,0.3315983946176341
394,19,0.06392498616926634
272,0,0.4532114298592044
255,1,0.4426245607225944
328,4,0.3386057055395709
126,15,0.7770286184681574
285,17,0.3363849631167394
309,1,0.343439224195607
206,7,0.6243772257308771
247,7,0.434922778729388
131,0,0.7718241935723671
340,10,0.3327060270698957
29,2,0.9819664055977109
216,6,0.5537364108639535
90,0,0.9222440844758525
74,6,0.9135060733940504
85,13,0.914478645894874
262,10,0.4460742235030922
3,14,0.9913453254467505
247,1,0.44347161980388927
207,2,0.6316818876467096
377,10,0.19094002821704437
48,8,0.9570400195312654
7,18,0.9950532923406298
270,12,0.43420365882572987
91,0,0.9188716547035061
311,15,0.3360594420286851
241,18,0.5536065154297779
292,5,0.32481683570027353
321,12,0.34015271321044405
132,15,0.7755696423415297
12,12,0.9907272266307552
30,7,0.9851454789737636
407,18,0.03588204868574785
322,18,0.33250022888201514
2,7,0.9926438494120668
203,6,0.6310206729365995
33,7,0.9875649770609359
351,15,0.18967667774429553
124,10,0.7732205694897536
290,13,0.3288263791021723
272,9,0.44761575365565676
121,1,0.7766256296211671
377,16,0.1831556921979014
5,16,0.9978599727219589
291,19,0.33481095910563097
418,0,0.05416326604071675
37,16,0.9556528771447419
310,3,0.3401914470899121
136,6,0.7562707803350834
205,1,0.6213446368444488
7,2,0.9922464554587775
185,6,0.6390049383740066
180,14,0.635257924599613
404,6,0.03731089846167834
316,8,0.3353172382978692
352,4,0.190468179139889
240,19,0.5565549852850384
302,4,0.33046454832775296
197,10,0.6219812027221702
4,3,0.9976777278628055
326,6,0.3232224866211616
173,13,0.6922608926320337
195,17,0.6323826187389033
208,7,0.6323751849640559
33,1,0.9898954263504627
217,0,0.5547000628349602
416,13,0.033432815499185864
173,2,0.7068443938773867
76,16,0.9209233374362555
102,18,0.9073830686779072
330,7,0.3316613860781831
105,5,0.7727808030198342
265,6,0.4493763845405654
417,3,0.04747443368329485
378,0,0.1698218476295259
80,19,0.9204479670973301
116,19,0.7754507019439714
190,12,0.6271343736966442
243,17,0.5611564919155744
0,1,0.9914977569562528
328,16,0.3204293435350809
323,7,0.31689673547733843
88,19,0.9056834729970086
264,18,0.434630905253801
201,2,0.6318794695571271
85,6,0.9137731806618565
306,2,0.3396057438821991
178,8,0.6231631729229057
167,1,0.7001555615199645
158,12,0.6983158978708888
356,10,0.19490692522639774
257,19,0.4502070110669346
269,1,0.44465985002554886
151,1,0.7061104064240337
103,16,0.8993851094447285
383,6,0.21234577851576497
342,9,0.3300697757582256
168,14,0.6990498853242418
151,14,0.6994145315430718
418,16,0.04796428032060707
313,16,0.3530503125706699
248,5,0.4443797140891945
102,13,0.9046410621377503
394,10,0.04651586797928897
311,7,0.35319311929800146
284,6,0.33333124665969205
372,17,0.18879870980968771
326,15,0.33217118653219113
183,0,0.6242113351763879
8,2,0.9922380044305299
51,9,0.9549966704513712
269,12,0.4285117348004738
166,14,0.7049910364325395
26,14,0.9902131615374926
195,9,0.6348228531453868
59,9,0.9500113071627942
276,10,0.43983728640612996
279,2,0.45666148389101013
363,12,0.17947127863274903
320,5,0.3320064697316252
250,2,0.45742364143852166
309,6,0.34525306525837074
301,14,0.3458250746703122
352,19,0.18554858519614603
105,11,0.7736892885564471
218,19,0.558162636908614
80,1,0.9297892485705634
146,4,0.7048470559512846
96,10,0.9233607548333231
248,15,0.4418115405050742
402,6,0.048826206951597007
165,1,0.6988327408484364
213,13,0.561539526945869
373,7,0.18609242451392904
318,5,0.332681378237507
390,15,0.03187680904823442
267,2,0.4383685289968082
292,1,0.33431015743170134
26,19,0.990804185762991
113,6,0.7743536332770193
26,10,0.9894569118847281
334,16,0.33202916230747515
386,12,0.04546027195095914
193,19,0.6307542307960166
128,3,0.7715851390233273
220,8,0.5468891217268895
238,5,0.5493262261229109
377,0,0.185477768709442
408,16,0.023844028448665178
343,2,0.33857753544541236
389,0,0.038834431054086016
351,14,0.18566361308062684
9,19,0.9926889215627205
245,19,0.4418060629867656
406,3,0.048943191092616356
139,14,0.7757566604666377
341,10,0.33832713460844754
293,7,0.33473779511108037
48,19,0.9623011367415497
240,0,0.5497562113101364
312,13,0.3478701452559607
382,8,0.19245143201891168
263,10,0.4464791686066212
277,6,0.4488748003640204
231,16,0.5275347020347417
80,10,0.9207502869828343
268,19,0.442099110216276
100,7,0.9068915787851022
373,3,0.15880342830045913
177,9,0.6295753906057432
32,14,0.9862970489478863
57,18,0.9517166933630476
419,5,0.017005738091679712
168,3,0.6855528889605315
86,4,0.9139035064724705
361,2,0.19916060944433722
30,15,0.9890120982729387
22,0,0.9892941122155703
207,11,0.6223067238102244
42,5,0.9528997981925755
119,18,0.7740226346706566
341,17,0.33393807743802395
152,1,0.7094826014455955
349,7,0.3227040786383829
315,8,0.3374045640247555
63,19,0.9437169343738533
115,2,0.7707732925597305
352,16,0.19337282884868068
103,10,0.9180385632938979
190,18,0.6298895654058725
136,18,0.7716731705675728
138,17,0.7741325762881364
340,7,0.3458837623664759
371,9,0.1954789346383392
167,16,0.7021184693309839
120,0,0.7654229309261468
200,7,0.6334519085630045
382,7,0.19191424397336077
197,14,0.6320880065041619
41,0,0.9560214358766496
62,6,0.9519108322619569
42,18,0.9537319897241758
122,13,0.773042550144724
401,0,0.05462063881948542
127,0,0.7755097808914427
330,8,0.3233488607935674
279,4,0.4593529016370739
274,15,0.44365120415415005
330,0,0.3289824883739675
5,10,0.994233777351401
215,18,0.5669877014063921
322,19,0.3234991012957462
159,7,0.7085146457102034
231,13,0.5494944641852467
370,11,0.1944487699450137
227,19,0.5484200880941447
172,8,0.6894481869805651
5,1,0.9922121427190872
113,8,0.7725937848947262
158,15,0.6984305345040617
122,9,0.7710256496532341
414,17,0.042503977069543675
336,4,0.34868942549440496
234,0,0.5670467803538635
326,17,0.31421627276789177
63,10,0.9509527751846512
253,16,0.44321808895646253
78,14,0.9224786787599839
160,5,0.7025011131099708
348,0,0.34583759471216047
265,15,0.4414883669248666
76,1,0.9198545953639852
171,13,0.6991214843135615
263,16,0.4326120485057723
260,3,0.4272029991760249
314,14,0.3441794716698843
55,17,0.9546726361182863
346,18,0.30394005716964123
190,10,0.625998962401532
210,9,0.5493817838086125
419,3,0.05046163741802312
259,2,0.4480015274451056
339,12,0.3308808397192069
264,14,0.4444818306805193
355,4,0.19068532361569446
180,16,0.627070208482172
186,8,0.6318430831855056
165,17,0.713400592041479
190,6,0.6316646725891683
108,2,0.7626505241593771
154,10,0.6905718607364446
399,11,0.058629008467460775
35,7,0.9544678943089369
85,12,0.9222800013459047
254,13,0.4436731142273844
218,7,0.5532590842684894
402,18,0.03249694237102996
107,9,0.7800831174278202
365,19,0.19079878649494408
352,11,0.1895107871898063
190,17,0.6246878792692365
385,4,0.04216124092394802
384,6,0.21306372466549994
303,7,0.3347362301058492
120,1,0.7823316386935024
66,3,0.9526190753792596
231,9,0.5606474739641818
140,15,0.7032452730973254
323,17,0.30055886336800086
154,4,0.6963702051174108
223,14,0.5609127423508414
90,6,0.9168006832812841
308,15,0.3410451574434389
360,6,0.17378013711010842
24,1,0.9894010020728495
236,14,0.5541190546429403
208,2,0.6328748128840622
116,13,0.7757194915924008
82,1,0.9209499034000522
409,10,0.041443294774212935
45,8,0.956900342814396
387,3,0.045375370417175764
359,15,0.190603552092373
335,8,0.3111645125673834
378,1,0.17353325753491333
279,0,0.4480829077171192
75,9,0.9160270229453243
81,1,0.9293297239096023
361,17,0.18567848063032177
55,4,0.9581218685223456
373,18,0.16774782444710334
221,18,0.5535141801211473
249,2,0.4442768149952543
197,3,0.6318438656881211
123,12,0.7698585470021935
94,14,0.9176878456216242
183,16,0.6194478505044405
43,15,0.9564212947131777
31,11,0.9868483611656473
48,11,0.9566103082199553
405,5,0.03963571373237329
269,13,0.45316682721012
42,2,0.9596380455901675
313,9,0.34664318115483317
382,11,0.17877759006409488
94,17,0.9177320961445314
415,0,0.02789191447872419
225,0,0.5528607904371922
181,12,0.6338580274204568
267,12,0.44313279617137136
248,6,0.44735870154646007
85,11,0.9185660874321474
374,6,0.18671294908803238
397,7,0.04282988940890542
146,17,0.7105812351177786
307,17,0.3484820623012933
260,12,0.4528021809912901
38,0,0.9548942408590002
84,16,0.9125004401577214
284,8,0.32567250231033906
309,8,0.31700589459220285
78,17,0.9162534400771236
71,3,0.9183130260862898
42,17,0.9598638758450051
55,15,0.9538913463818255
261,13,0.43880633921018897
296,15,0.3254980042270793
210,2,0.5488316844699055
236,6,0.5475346863846894
288,14,0.3344799604992682
387,19,0.03526817538387639
119,12,0.7698554169917314
109,7,0.7676084607312801
393,19,0.04252588714277805
126,4,0.773692809818217
148,13,0.6949292265509399
220,13,0.5526276046577687
307,10,0.335908027772583
363,1,0.17889418295380666
86,7,0.9154845530071185
388,2,0.03857620519096616
16,11,0.9959917086022861
74,18,0.9197507181417756
125,10,0.7741212300002114
258,8,0.44460898735554033
212,6,0.5529390406987437
149,2,0.7020597816348202
349,3,0.3227635488371621
157,18,0.6950117805768767
278,17,0.45284130612206586
211,6,0.5474423510760587
267,16,0.44877620503446547
262,7,0.44496385229167645
296,4,0.3250527602388513
140,16,0.7038724489436607
38,13,0.9537150876676806
78,19,0.9214452275556733
106,6,0.7694645569352817
315,0,0.3325503090494081
299,6,0.3186604963727093
11,16,0.9948016003743494
54,17,0.9499964787382303
337,12,0.32448544584260286
329,15,0.334067190369584
282,7,0.323137976338686
389,15,0.03826672540652987
21,15,0.984339540404914
366,14,0.18975414550323144
188,4,0.6309975891094417
155,8,0.7000143197978641
183,14,0.6378030143565757
329,1,0.3282441971562292
33,14,0.9865031992619436
69,1,0.9537850825266385
200,8,0.6395628627388689
158,6,0.6999086819447695
254,9,0.4483978650198639
396,11,0.05284514038488197
237,9,0.545713802798386
126,3,0.7612932733727664
179,10,0.6283945941589311
141,17,0.702589535905524
277,15,0.44564932458286755
192,18,0.626403907505061
116,5,0.7782579300771315
118,0,0.7736489896717481
230,17,0.5510418631074275
419,16,0.05060640040189357
110,14,0.7733074272800758
297,0,0.329164028980767
24,9,0.9875211177893364
122,11,0.7649330842888343
261,17,0.4436961980545422
190,9,0.6277290756844357
52,17,0.9493603041118166
240,12,0.552862746693731
182,2,0.6271754550839588
102,9,0.9154766888558327
84,19,0.9145155408931955
48,4,0.9590625931667178
79,12,0.9212989778168335
395,10,0.04141747218790082
243,0,0.5492698859345939
271,6,0.46350133925322656
27,14,0.9934164924946263
149,18,0.6903085486063238
127,3,0.7768830729816716
398,11,0.052836924107418914
298,5,0.3172281253350091
189,4,0.6396246804454945
169,13,0.6972927757011029
384,9,0.18599304668175876
148,0,0.7085115156997414
188,7,0.6280581180342596
130,12,0.7697243478036326
123,5,0.7717498558238933
178,1,0.6182670540576284
10,9,0.9932533406992914
72,3,0.9154838878798954
292,15,0.33665257901124546
299,17,0.3382872269750563
410,19,0.03970966022953948
419,9,0.042875665811913155
43,8,0.9589296068472111
41,11,0.9619427896687747
1,11,0.9926620034727467
159,8,0.7056088222474886
344,14,0.32811078046028386
216,1,0.5544410544692246
53,9,0.9559361039664276
302,18,0.33011398715600226
115,6,0.7682532428864645
195,3,0.632292630938119
198,1,0.6297561487099272
247,5,0.44132286762168516
149,13,0.6968271866448715
412,4,0.04912590545333906
204,7,0.6183922544761107
326,19,0.32002831094462947
36,4,0.9515478684237504
7,13,0.9953095228220802
220,6,0.5571230821839024
344,0,0.3488909199178999
101,15,0.9128625432430508
209,8,0.6439632661972173
12,1,0.9916069943213787
273,6,0.43118985000207377
383,7,0.19518353990098225
398,0,0.04239364420075575
356,14,0.19070019116538917
376,15,0.18523284539078588
316,13,0.3394382883224788
351,10,0.18851270510371698
284,13,0.3362276800910208
52,7,0.9522513382750983
266,15,0.4359897210456427
76,12,0.9192701441604569
77,1,0.9297079856739423
129,7,0.7750891857356035
331,13,0.33099821511153416
196,19,0.6211791375412674
320,6,0.3437080138440364
126,12,0.7703409598646584
402,13,0.04154580261684537
241,5,0.5481583409692549
328,9,0.34056509208882046
79,6,0.9217833469358372
40,17,0.9575462595983728
142,15,0.7017366080546126
281,2,0.3227150336750002
337,2,0.3297145195707818
224,7,0.5562392454796782
51,2,0.946582850203177
312,2,0.35821443858176105
391,18,0.03791107796777826
79,17,0.9181035110109856
54,6,0.9545513090877508
189,15,0.6392909430799775
418,6,0.05676899975038174
211,2,0.5513356928395535
14,5,0.9904272151279667
368,15,0.16431498547283918
191,19,0.6264207313112946
231,0,0.5658491601008178
123,9,0.7739385156394887
287,15,0.33485790926256187
73,3,0.9218551806759416
346,1,0.32747264957733146
369,7,0.20601767986409514
167,4,0.7052559135678912
249,15,0.4528021809912901
404,2,0.04260374615302154
130,4,0.7818860034539666
25,1,0.988187301391055
19,19,0.9962723531653406
4,5,0.9955635231710763
225,8,0.5524558453336631
218,5,0.5481951185921841
253,11,0.4497277282149317
342,7,0.3361314322693125
406,14,0.03761881324088345
164,17,0.7057649315192838
330,19,0.32942968861873445
404,14,0.039679533878842044
275,16,0.4432247402286943
121,5,0.7709790907476111
79,2,0.9215949594311521
312,17,0.35100758949286803
143,8,0.7033736035262699
208,3,0.6274086408633822
32,18,0.990881653521927
115,19,0.7699035409025856
209,15,0.6420692186163633
108,7,0.7652848192145083
113,16,0.7721806235137343
45,14,0.9593000435853958
377,14,0.19258719622270348
45,5,0.9518219790899652
265,19,0.4469341938775432
