,0
0,0.6998644395470744
1,0.3346737874705727
2,0.4448187217727802
3,0.4448187217727802
4,0.18943057782648534
5,0.4448187217727802
6,0.6998644395470744
7,0.7725185315991484
8,0.6998644395470744
9,0.9903609765919483
10,0.9121133830700936
11,0.4448187217727802
12,0.33079731789496847
13,0.7718599246744311
14,0.18943057782648534
15,0.7725757817562324
16,0.3342396866565826
17,0.5534874694651254
18,0.33079731789496847
19,0.18943057782648534
20,0.4448187217727802
21,0.18943057782648534
22,0.33079731789496847
23,0.3342396866565826
24,0.9540842498929272
25,0.7725130294677145
26,0.04339080558719683
27,0.5534874694651254
28,0.9903609765919483
29,0.18943057782648534
30,0.33079731789496847
31,0.5535434094748184
32,0.4448187217727802
33,0.18943057782648534
34,0.5534874694651254
35,0.33589545528184234
36,0.6998644395470744
37,0.9905971276285402
38,0.7733358953896294
39,0.9905971276285402
40,0.33079731789496847
41,0.9903609765919483
42,0.18943057782648534
43,0.18943057782648534
44,0.18943057782648534
45,0.7725757817562324
46,0.9170330760483865
47,0.4448187217727802
48,0.9905971276285402
49,0.33391919025345485
50,0.18943057782648534
51,0.33079731789496847
52,0.4448187217727802
53,0.9540842498929272
54,0.9119310169596527
55,0.18943057782648534
56,0.6282883142012651
57,0.9540842498929272
58,0.18943057782648534
59,0.4448187217727802
60,0.6282883142012651
61,0.9540842498929272
62,0.9180708955335852
63,0.33079731789496847
64,0.33391919025345485
65,0.9903609765919483
66,0.7733358953896294
67,0.4448187217727802
68,0.33079731789496847
69,0.9905971276285402
70,0.5536985383487933
71,0.9180708955335852
72,0.4448187217727802
73,0.4448187217727802
74,0.5534874694651254
75,0.9540842498929272
76,0.33939351028709597
77,0.33079731789496847
78,0.9180708955335852
79,0.33079731789496847
80,0.6998644395470744
81,0.9168407224548369
82,0.5534874694651254
83,0.18943057782648534
84,0.9903609765919483
85,0.3342396866565826
86,0.5535434094748184
87,0.4448187217727802
88,0.5534874694651254
89,0.4448187217727802
90,0.9179435185724505
91,0.6998644395470744
92,0.9905971276285402
93,0.7733358953896294
94,0.03892054363571804
95,0.4448187217727802
96,0.6998644395470744
97,0.7719171748315151
98,0.04339080558719683
99,0.33079731789496847
100,0.4448187217727802
101,0.18943057782648534
102,0.18943057782648534
103,0.6281832882599584
104,0.18943057782648534
105,0.6282883142012651
106,0.4448187217727802
107,0.18943057782648534
108,0.18943057782648534
109,0.9540842498929272
110,0.33079731789496847
111,0.7733358953896294
112,0.3346737874705727
113,0.7728899168265859
114,0.9903609765919483
115,0.9118036399985179
116,0.33079731789496847
117,0.33079731789496847
118,0.7719171748315151
119,0.9540842498929272
120,0.33079731789496847
121,0.33939351028709597
122,0.9903609765919483
123,0.33589545528184234
124,0.18943057782648534
125,0.18943057782648534
126,0.9540842498929272
127,0.5534874694651254
128,0.6274177387535292
129,0.33079731789496847
130,0.6250245837251065
131,0.6250245837251065
132,0.5534009576832326
133,0.5538641713192345
134,0.18943057782648534
135,0.33079731789496847
136,0.9905971276285402
137,0.9178785419400357
138,0.33939351028709597
139,0.5538641713192345
140,0.4448187217727802
141,0.18943057782648534
142,0.7719771318083882
143,0.5531667076207095
144,0.9170330760483865
145,0.7732786452325455
146,0.9168407224548369
147,0.7733358953896294
148,0.6998644395470744
149,0.7725130294677145
150,0.04311193525116788
151,0.6274177387535292
152,0.18943057782648534
153,0.6276595507584382
154,0.33079731789496847
155,0.33079731789496847
156,0.18943057782648534
157,0.6250245837251065
158,0.18943057782648534
159,0.33079731789496847
160,0.4448187217727802
161,0.4448187217727802
162,0.9540842498929272
163,0.6998644395470744
164,0.6281832882599584
165,0.5538641713192345
166,0.4448187217727802
167,0.33079731789496847
168,0.5534874694651254
169,0.9540842498929272
170,0.33079731789496847
171,0.9905971276285402
172,0.7733358953896294
173,0.4448187217727802
174,0.33079731789496847
175,0.5534874694651254
176,0.9905971276285402
177,0.9905971276285402
178,0.7733958523665025
179,0.33079731789496847
180,0.6998644395470744
181,0.3342396866565826
182,0.5535434094748184
183,0.9170330760483865
184,0.18943057782648534
185,0.9905971276285402
186,0.03892054363571804
187,0.9108931974744537
188,0.7732786452325455
189,0.18943057782648534
190,0.9540842498929272
191,0.6282883142012651
192,0.9540842498929272
193,0.7729526691151039
194,0.33939351028709597
195,0.6998644395470744
196,0.9540842498929272
197,0.6998644395470744
198,0.9540842498929272
199,0.9540842498929272
200,0.5534874694651254
201,0.5534874694651254
202,0.7726357387331055
203,0.6998644395470744
204,0.5535434094748184
205,0.18943057782648534
206,0.9179435185724505
207,0.9540842498929272
208,0.9905971276285402
209,0.04339080558719683
210,0.6998644395470744
211,0.6251296096664134
212,0.5534874694651254
213,0.4448187217727802
214,0.7717944655661241
215,0.6276595507584382
216,0.18943057782648534
217,0.4448187217727802
218,0.3342396866565826
219,0.6998644395470744
220,0.18943057782648534
221,0.9540842498929272
222,0.5538641713192345
223,0.9540842498929272
224,0.33079731789496847
225,0.33589545528184234
226,0.6282883142012651
227,0.33079731789496847
228,0.04339080558719683
229,0.5534874694651254
230,0.5537776595373416
231,0.7725130294677145
232,0.9540842498929272
233,0.9903609765919483
234,0.6998644395470744
235,0.33079731789496847
236,0.33589545528184234
237,0.9903609765919483
238,0.9905971276285402
239,0.18943057782648534
240,0.9179435185724505
241,0.9903609765919483
242,0.9540842498929272
243,0.9905971276285402
244,0.03892054363571804
245,0.7726357387331055
246,0.03837120393117951
247,0.6274177387535292
248,0.5538641713192345
249,0.9540842498929272
250,0.33079731789496847
251,0.9540842498929272
252,0.4448187217727802
253,0.04339080558719683
254,0.4448187217727802
255,0.6998644395470744
256,0.33079731789496847
257,0.9903609765919483
258,0.7719171748315151
259,0.4448187217727802
260,0.030885839566204096
261,0.9540842498929272
262,0.4448187217727802
263,0.7733958523665025
264,0.03837120393117951
265,0.5538641713192345
266,0.9180708955335852
267,0.9903609765919483
268,0.18943057782648534
269,0.4448187217727802
270,0.6251296096664134
271,0.9903609765919483
272,0.6998644395470744
273,0.18943057782648534
274,0.03814269060710173
275,0.7733958523665025
276,0.5538641713192345
277,0.4448187217727802
278,0.33079731789496847
279,0.3346737874705727
280,0.9903609765919483
281,0.5534874694651254
282,0.03814269060710173
283,0.917751164978901
284,0.33079731789496847
285,0.043233161649052214
286,0.6998644395470744
287,0.18943057782648534
288,0.9540842498929272
289,0.9180708955335852
290,0.9540842498929272
291,0.33079731789496847
292,0.5538641713192345
293,0.33939351028709597
294,0.18943057782648534
295,0.9540842498929272
296,0.3342396866565826
297,0.5534009576832326
298,0.9903609765919483
299,0.6998644395470744
300,0.9180708955335852
301,0.6998644395470744
302,0.5534874694651254
303,0.04311193525116788
304,0.3342396866565826
305,0.5537776595373416
306,0.9110755635848946
307,0.6998644395470744
308,0.33079731789496847
309,0.5534874694651254
310,0.6246630517613494
311,0.7733958523665025
312,0.7719171748315151
313,0.5531667076207095
314,0.5534874694651254
315,0.7729526691151039
316,0.6250245837251065
317,0.6282883142012651
318,0.9540842498929272
319,0.9180708955335852
320,0.5538641713192345
321,0.9905971276285402
322,0.6998644395470744
323,0.9540842498929272
324,0.4448187217727802
325,0.7726357387331055
326,0.6281832882599584
327,0.4448187217727802
328,0.03892054363571804
329,0.33079731789496847
330,0.9903609765919483
331,0.4448187217727802
332,0.6998644395470744
333,0.6998644395470744
334,0.9905971276285402
335,0.4448187217727802
336,0.18943057782648534
337,0.4448187217727802
338,0.33589545528184234
339,0.33939351028709597
340,0.04311193525116788
341,0.03892054363571804
342,0.9179435185724505
343,0.6998644395470744
344,0.04339080558719683
345,0.6282883142012651
346,0.9540842498929272
347,0.9540842498929272
348,0.6274177387535292
349,0.4448187217727802
350,0.9170330760483865
351,0.9905971276285402
352,0.3346737874705727
353,0.7733358953896294
354,0.037164857895491045
355,0.33391919025345485
356,0.18943057782648534
357,0.4448187217727802
358,0.7733958523665025
359,0.4448187217727802
360,0.7719171748315151
361,0.18943057782648534
362,0.04339080558719683
363,0.3342396866565826
364,0.4448187217727802
365,0.9180708955335852
366,0.6998644395470744
367,0.03892054363571804
368,0.33079731789496847
369,0.7724530724908414
370,0.4448187217727802
371,0.6250245837251065
372,0.5531667076207095
373,0.33079731789496847
374,0.7718599246744311
375,0.9905971276285402
376,0.917751164978901
377,0.9903609765919483
378,0.9540842498929272
379,0.18943057782648534
380,0.18943057782648534
381,0.04339080558719683
382,0.9905971276285402
383,0.9540842498929272
384,0.3342396866565826
385,0.33391919025345485
386,0.6998644395470744
387,0.6998644395470744
388,0.33391919025345485
389,0.9903609765919483
390,0.4448187217727802
391,0.3346737874705727
392,0.6246630517613494
393,0.5531667076207095
394,0.18943057782648534
395,0.18943057782648534
396,0.043233161649052214
397,0.33079731789496847
398,0.6253513724254193
399,0.9110755635848946
400,0.4448187217727802
401,0.18943057782648534
402,0.33589545528184234
403,0.9903609765919483
404,0.33079731789496847
405,0.9540842498929272
406,0.9540842498929272
407,0.9179435185724505
408,0.6282883142012651
409,0.9540842498929272
410,0.18943057782648534
411,0.9540842498929272
412,0.33589545528184234
413,0.9168407224548369
414,0.4448187217727802
415,0.6282883142012651
416,0.04339080558719683
417,0.4448187217727802
418,0.6998644395470744
419,0.7733958523665025
420,0.5534874694651254
421,0.03892054363571804
422,0.6998644395470744
423,0.9903609765919483
424,0.4448187217727802
425,0.9540842498929272
426,0.33939351028709597
427,0.5538641713192345
428,0.334353291067445
429,0.6274177387535292
430,0.7719771318083882
431,0.9168407224548369
432,0.9540842498929272
433,0.9905971276285402
434,0.18943057782648534
435,0.041300984359041545
436,0.9905971276285402
437,0.6998644395470744
438,0.33557495887871464
439,0.9540842498929272
440,0.9540842498929272
441,0.7725757817562324
442,0.5534874694651254
443,0.9540842498929272
444,0.6998644395470744
445,0.5534874694651254
446,0.9170330760483865
447,0.4448187217727802
448,0.3342396866565826
449,0.030885839566204096
450,0.4448187217727802
451,0.33079731789496847
452,0.9170330760483865
453,0.33391919025345485
454,0.6282883142012651
455,0.4448187217727802
456,0.04339080558719683
457,0.6253513724254193
458,0.9540842498929272
459,0.7733358953896294
460,0.3342396866565826
461,0.9540842498929272
462,0.18943057782648534
463,0.7733358953896294
464,0.6276595507584382
465,0.4448187217727802
466,0.33079731789496847
467,0.9540842498929272
468,0.5534874694651254
469,0.4448187217727802
470,0.18943057782648534
471,0.3342396866565826
472,0.33079731789496847
473,0.03837120393117951
474,0.9903609765919483
475,0.33079731789496847
476,0.6998644395470744
477,0.9180708955335852
478,0.04311193525116788
479,0.3342396866565826
480,0.33079731789496847
481,0.6282883142012651
482,0.6250245837251065
483,0.041300984359041545
484,0.18943057782648534
485,0.18943057782648534
486,0.6282883142012651
487,0.4448187217727802
488,0.9170330760483865
489,0.33079731789496847
490,0.4448187217727802
491,0.33589545528184234
492,0.4448187217727802
493,0.18943057782648534
494,0.3346737874705727
495,0.5531667076207095
496,0.33939351028709597
497,0.9905971276285402
498,0.9905971276285402
499,0.6998644395470744
500,0.33079731789496847
501,0.9905971276285402
502,0.18943057782648534
503,0.33079731789496847
504,0.7726357387331055
505,0.9905971276285402
506,0.5534874694651254
507,0.9905971276285402
508,0.7733358953896294
509,0.7725185315991484
510,0.18943057782648534
511,0.33079731789496847
512,0.5534874694651254
513,0.18943057782648534
514,0.3342396866565826
515,0.04339080558719683
516,0.7725757817562324
517,0.9540842498929272
518,0.7733958523665025
519,0.9119860061089589
520,0.7733958523665025
521,0.9905971276285402
522,0.7729526691151039
523,0.04339080558719683
524,0.9119310169596527
525,0.18943057782648534
526,0.33939351028709597
527,0.18943057782648534
528,0.6250245837251065
529,0.9180708955335852
530,0.7726357387331055
531,0.9110755635848946
532,0.6281832882599584
533,0.7733358953896294
534,0.7726357387331055
535,0.33391919025345485
536,0.4448187217727802
537,0.6250245837251065
538,0.7732731431011115
539,0.6998644395470744
540,0.7725757817562324
541,0.9540842498929272
542,0.3342396866565826
543,0.18943057782648534
544,0.6998644395470744
545,0.9540842498929272
546,0.4448187217727802
547,0.6998644395470744
548,0.5531667076207095
549,0.4448187217727802
550,0.5534009576832326
551,0.4448187217727802
552,0.4448187217727802
553,0.18943057782648534
554,0.5534009576832326
555,0.9179435185724505
556,0.6998644395470744
557,0.043233161649052214
558,0.33079731789496847
559,0.9540842498929272
560,0.04339080558719683
561,0.5534009576832326
562,0.9180708955335852
563,0.5534874694651254
564,0.5538641713192345
565,0.04339080558719683
566,0.9905971276285402
567,0.33079731789496847
568,0.6998644395470744
569,0.4448187217727802
570,0.9540842498929272
571,0.7732131861242384
572,0.9905971276285402
573,0.4448187217727802
574,0.18943057782648534
575,0.33079731789496847
576,0.917751164978901
577,0.33589545528184234
578,0.9179435185724505
579,0.33079731789496847
580,0.04339080558719683
581,0.043233161649052214
582,0.5538641713192345
583,0.6274177387535292
584,0.5538641713192345
585,0.3346737874705727
586,0.7733958523665025
587,0.18943057782648534
588,0.9170330760483865
589,0.6998644395470744
590,0.03892054363571804
591,0.4448187217727802
592,0.6998644395470744
593,0.6282883142012651
594,0.4448187217727802
595,0.9905971276285402
596,0.33939351028709597
597,0.9540842498929272
598,0.7725757817562324
599,0.33079731789496847
600,0.041300984359041545
601,0.9180708955335852
602,0.33079731789496847
603,0.4448187217727802
604,0.9119310169596527
605,0.33079731789496847
606,0.18943057782648534
607,0.18943057782648534
608,0.33079731789496847
609,0.6998644395470744
610,0.3342396866565826
611,0.7726357387331055
612,0.5534009576832326
613,0.5538641713192345
614,0.9903609765919483
615,0.6281832882599584
616,0.18943057782648534
617,0.04339080558719683
618,0.4448187217727802
619,0.33079731789496847
620,0.6281832882599584
621,0.9118036399985179
622,0.6282883142012651
623,0.9170330760483865
624,0.9540842498929272
625,0.9540842498929272
626,0.4448187217727802
627,0.9905971276285402
628,0.9180708955335852
629,0.9903609765919483
630,0.3342396866565826
631,0.33939351028709597
632,0.6281832882599584
633,0.33079731789496847
634,0.6281832882599584
635,0.5534874694651254
636,0.18943057782648534
637,0.037164857895491045
638,0.5534009576832326
639,0.9180708955335852
640,0.9180708955335852
641,0.7726357387331055
642,0.03892054363571804
643,0.04339080558719683
644,0.6998644395470744
645,0.9905971276285402
646,0.6998644395470744
647,0.9905971276285402
648,0.04339080558719683
649,0.6998644395470744
650,0.9170330760483865
651,0.5538641713192345
652,0.04339080558719683
653,0.33079731789496847
654,0.4448187217727802
655,0.5537776595373416
656,0.18943057782648534
657,0.18943057782648534
658,0.3342396866565826
659,0.6998644395470744
660,0.4448187217727802
661,0.4448187217727802
662,0.5534874694651254
663,0.18943057782648534
664,0.33079731789496847
665,0.9540842498929272
666,0.33079731789496847
667,0.9170330760483865
668,0.33391919025345485
669,0.5534874694651254
670,0.5536275381086163
671,0.7733358953896294
672,0.03814269060710173
673,0.6282883142012651
674,0.18943057782648534
675,0.18943057782648534
676,0.9905971276285402
677,0.5531667076207095
678,0.6998644395470744
679,0.4448187217727802
680,0.6250245837251065
681,0.6282883142012651
682,0.9540842498929272
683,0.9168407224548369
684,0.9905971276285402
685,0.4448187217727802
686,0.9540842498929272
687,0.5534874694651254
688,0.9178785419400357
689,0.9903609765919483
690,0.9903609765919483
691,0.4448187217727802
692,0.33079731789496847
693,0.4448187217727802
694,0.04021099113252633
695,0.6998644395470744
696,0.4448187217727802
697,0.9540842498929272
698,0.3342396866565826
699,0.6998644395470744
700,0.4448187217727802
701,0.917751164978901
702,0.03892054363571804
703,0.4448187217727802
704,0.33907301388396827
705,0.9180708955335852
706,0.6250245837251065
707,0.33079731789496847
708,0.5534009576832326
709,0.9180708955335852
710,0.6998644395470744
711,0.6281832882599584
712,0.6282883142012651
713,0.18943057782648534
714,0.9540842498929272
715,0.7726239668272913
716,0.9903609765919483
717,0.33079731789496847
718,0.9540842498929272
719,0.33079731789496847
720,0.6998644395470744
721,0.9540842498929272
722,0.33079731789496847
723,0.6998644395470744
724,0.6251296096664134
725,0.03837120393117951
726,0.9170330760483865
727,0.6251296096664134
728,0.9178785419400357
729,0.3342396866565826
730,0.6998644395470744
731,0.04339080558719683
732,0.4448187217727802
733,0.6998644395470744
734,0.4448187217727802
735,0.9540842498929272
736,0.4448187217727802
737,0.4448187217727802
738,0.6998644395470744
739,0.33079731789496847
740,0.6998644395470744
741,0.5538641713192345
742,0.5535434094748184
743,0.04339080558719683
744,0.7733358953896294
745,0.33079731789496847
746,0.9903609765919483
747,0.9540842498929272
748,0.7725185315991484
749,0.6998644395470744
750,0.6250245837251065
751,0.5534874694651254
752,0.04339080558719683
753,0.4448187217727802
754,0.9540842498929272
755,0.33079731789496847
756,0.04339080558719683
757,0.18943057782648534
758,0.33079731789496847
759,0.7732131861242384
760,0.6998644395470744
761,0.9540842498929272
762,0.33391919025345485
763,0.33079731789496847
764,0.9180708955335852
765,0.7717944655661241
766,0.9540842498929272
767,0.4448187217727802
768,0.9180708955335852
769,0.6250245837251065
770,0.04339080558719683
771,0.6998644395470744
772,0.03892054363571804
773,0.04339080558719683
774,0.5534874694651254
775,0.6998644395470744
776,0.04339080558719683
777,0.6253513724254193
778,0.6246630517613494
779,0.7726357387331055
780,0.9170330760483865
781,0.9180708955335852
782,0.33079731789496847
783,0.9903609765919483
784,0.9903609765919483
785,0.7733358953896294
786,0.33939351028709597
787,0.9905971276285402
788,0.04021099113252633
789,0.4448187217727802
790,0.9170330760483865
791,0.18943057782648534
792,0.9903609765919483
793,0.33391919025345485
794,0.6282883142012651
795,0.6998644395470744
796,0.5538641713192345
797,0.33939351028709597
798,0.04339080558719683
799,0.6274177387535292
800,0.04339080558719683
801,0.7726357387331055
802,0.9905971276285402
803,0.5534874694651254
804,0.9540842498929272
805,0.3342396866565826
806,0.18943057782648534
807,0.6998644395470744
808,0.6281832882599584
809,0.6998644395470744
810,0.33079731789496847
811,0.3342396866565826
812,0.7733958523665025
813,0.5537776595373416
814,0.9540842498929272
815,0.04339080558719683
816,0.6282883142012651
817,0.7725757817562324
818,0.5536275381086163
819,0.6998644395470744
820,0.6998644395470744
821,0.03892054363571804
822,0.9540842498929272
823,0.9905971276285402
824,0.33079731789496847
825,0.33079731789496847
826,0.9540842498929272
827,0.9903609765919483
828,0.6998644395470744
829,0.6282883142012651
830,0.4448187217727802
831,0.9119310169596527
832,0.9179435185724505
833,0.9540842498929272
834,0.33079731789496847
835,0.5536985383487933
836,0.9170330760483865
837,0.9540842498929272
838,0.6998644395470744
839,0.03892054363571804
840,0.5534874694651254
841,0.9905971276285402
842,0.18943057782648534
843,0.9905971276285402
844,0.18943057782648534
845,0.03892054363571804
846,0.33939351028709597
847,0.9179435185724505
848,0.18943057782648534
849,0.9905971276285402
850,0.33982761110108606
851,0.04339080558719683
852,0.33079731789496847
853,0.6998644395470744
854,0.5531667076207095
855,0.33079731789496847
856,0.18943057782648534
857,0.33079731789496847
858,0.037164857895491045
859,0.18943057782648534
860,0.7733958523665025
861,0.9170330760483865
862,0.33079731789496847
863,0.33079731789496847
864,0.9540842498929272
865,0.9540842498929272
866,0.03892054363571804
867,0.6998644395470744
868,0.7733958523665025
869,0.33079731789496847
870,0.5534874694651254
871,0.037164857895491045
872,0.03814269060710173
873,0.18943057782648534
874,0.9905971276285402
875,0.6282883142012651
876,0.9905971276285402
877,0.7719171748315151
878,0.7718544225429972
879,0.6251296096664134
880,0.6998644395470744
881,0.33079731789496847
882,0.33079731789496847
883,0.9905971276285402
884,0.043233161649052214
885,0.9119310169596527
886,0.6998644395470744
887,0.6282883142012651
888,0.773012626091977
889,0.4448187217727802
890,0.7733358953896294
891,0.6282883142012651
892,0.4448187217727802
893,0.7725130294677145
894,0.6250245837251065
895,0.18943057782648534
896,0.33079731789496847
897,0.7726357387331055
898,0.18943057782648534
899,0.9540842498929272
900,0.9170330760483865
901,0.18943057782648534
902,0.7719171748315151
903,0.6282883142012651
904,0.9905971276285402
905,0.9905971276285402
906,0.6282883142012651
907,0.7733358953896294
908,0.6251296096664134
909,0.6281832882599584
910,0.33079731789496847
911,0.6250245837251065
912,0.5534874694651254
913,0.9905971276285402
914,0.33079731789496847
915,0.03814269060710173
916,0.18943057782648534
917,0.5538641713192345
918,0.9540842498929272
919,0.6250245837251065
920,0.3342396866565826
921,0.33982761110108606
922,0.4448187217727802
923,0.6998644395470744
924,0.6998644395470744
925,0.7725757817562324
926,0.6251296096664134
927,0.18943057782648534
928,0.6276595507584382
929,0.18943057782648534
930,0.9117386633661033
931,0.9540842498929272
932,0.6998644395470744
933,0.18943057782648534
934,0.33079731789496847
935,0.7719771318083882
936,0.5535434094748184
937,0.4448187217727802
938,0.3342396866565826
939,0.03892054363571804
940,0.9540842498929272
941,0.5534009576832326
942,0.9905971276285402
943,0.5534874694651254
944,0.5534874694651254
945,0.04021099113252633
946,0.9180708955335852
947,0.7726357387331055
948,0.33079731789496847
949,0.5537776595373416
950,0.9179435185724505
951,0.33079731789496847
952,0.04339080558719683
953,0.03892054363571804
954,0.6998644395470744
955,0.18943057782648534
956,0.7724530724908414
957,0.6274177387535292
958,0.18943057782648534
959,0.9905971276285402
960,0.6998644395470744
961,0.4448187217727802
962,0.4448187217727802
963,0.03892054363571804
964,0.18943057782648534
965,0.4448187217727802
966,0.9903609765919483
967,0.6998644395470744
968,0.7726357387331055
969,0.18943057782648534
970,0.5536985383487933
971,0.6274177387535292
972,0.773012626091977
973,0.18943057782648534
974,0.9170330760483865
975,0.6276595507584382
976,0.6250245837251065
977,0.9903609765919483
978,0.3342396866565826
979,0.33079731789496847
980,0.7725757817562324
981,0.18943057782648534
982,0.9540842498929272
983,0.9903609765919483
984,0.6281832882599584
985,0.33391919025345485
986,0.9170330760483865
987,0.03837120393117951
988,0.5534874694651254
989,0.3342396866565826
990,0.9540842498929272
991,0.9180708955335852
992,0.9903609765919483
993,0.18943057782648534
994,0.6998644395470744
995,0.9178785419400357
996,0.33079731789496847
997,0.6998644395470744
998,0.6250245837251065
999,0.33079731789496847
1000,0.18943057782648534
1001,0.9540842498929272
1002,0.041300984359041545
1003,0.33079731789496847
1004,0.4448187217727802
1005,0.043233161649052214
1006,0.4448187217727802
1007,0.03814269060710173
1008,0.6281832882599584
1009,0.7719171748315151
1010,0.9905971276285402
1011,0.7719771318083882
1012,0.7733358953896294
1013,0.5538641713192345
1014,0.6998644395470744
1015,0.33589545528184234
1016,0.18943057782648534
1017,0.33079731789496847
1018,0.9905971276285402
1019,0.6281832882599584
1020,0.9903609765919483
1021,0.18943057782648534
1022,0.9540842498929272
1023,0.6998644395470744
1024,0.03892054363571804
1025,0.9540842498929272
1026,0.9170330760483865
1027,0.04339080558719683
1028,0.33079731789496847
1029,0.3363295560958324
1030,0.6251296096664134
1031,0.5534874694651254
1032,0.6998644395470744
1033,0.3342396866565826
1034,0.334353291067445
1035,0.33589545528184234
1036,0.33982761110108606
1037,0.9118036399985179
1038,0.9179435185724505
1039,0.9180708955335852
1040,0.7719171748315151
1041,0.04311193525116788
1042,0.33079731789496847
1043,0.4448187217727802
1044,0.9119310169596527
1045,0.5536985383487933
1046,0.9540842498929272
1047,0.9540842498929272
1048,0.6998644395470744
1049,0.9170330760483865
1050,0.4448187217727802
1051,0.5534009576832326
1052,0.4448187217727802
1053,0.18943057782648534
1054,0.18943057782648534
1055,0.04339080558719683
1056,0.7731559359671545
1057,0.9540842498929272
1058,0.6998644395470744
1059,0.03892054363571804
1060,0.9180708955335852
1061,0.04339080558719683
1062,0.4448187217727802
1063,0.18943057782648534
1064,0.9540842498929272
1065,0.18943057782648534
1066,0.04021099113252633
1067,0.18943057782648534
1068,0.33079731789496847
1069,0.9179435185724505
1070,0.9119310169596527
1071,0.7733358953896294
1072,0.04339080558719683
1073,0.5535434094748184
1074,0.4448187217727802
1075,0.04021099113252633
1076,0.6282883142012651
1077,0.9540842498929272
1078,0.9540842498929272
1079,0.03892054363571804
1080,0.6282883142012651
1081,0.7733358953896294
1082,0.4448187217727802
1083,0.6253513724254193
1084,0.6282883142012651
1085,0.33079731789496847
1086,0.7726357387331055
1087,0.3342396866565826
1088,0.9905971276285402
1089,0.3342396866565826
1090,0.4448187217727802
1091,0.9903609765919483
1092,0.9540842498929272
1093,0.5538641713192345
1094,0.9178785419400357
1095,0.33079731789496847
1096,0.04339080558719683
1097,0.3342396866565826
1098,0.6998644395470744
1099,0.5536985383487933
1100,0.4448187217727802
1101,0.33589545528184234
1102,0.04311193525116788
1103,0.9540842498929272
1104,0.6282883142012651
1105,0.4448187217727802
1106,0.7732131861242384
1107,0.18943057782648534
1108,0.5535410263267233
1109,0.33079731789496847
1110,0.6281832882599584
1111,0.9903609765919483
1112,0.6998644395470744
1113,0.6998644395470744
1114,0.9905971276285402
1115,0.9168407224548369
1116,0.6282883142012651
1117,0.4448187217727802
1118,0.33907301388396827
1119,0.33589545528184234
1120,0.03814269060710173
1121,0.9905971276285402
1122,0.33079731789496847
1123,0.3342396866565826
1124,0.33415654658422966
1125,0.18943057782648534
1126,0.03892054363571804
1127,0.18943057782648534
1128,0.5538641713192345
1129,0.18943057782648534
1130,0.7725185315991484
1131,0.33589545528184234
1132,0.4448187217727802
1133,0.6281832882599584
1134,0.03892054363571804
1135,0.6282883142012651
1136,0.18943057782648534
1137,0.18943057782648534
1138,0.4448187217727802
1139,0.6998644395470744
1140,0.9119310169596527
1141,0.5534874694651254
1142,0.6281832882599584
1143,0.6998644395470744
1144,0.9540842498929272
1145,0.7717944655661241
1146,0.7725757817562324
1147,0.4448187217727802
1148,0.9170330760483865
1149,0.9180708955335852
1150,0.7732786452325455
1151,0.6998644395470744
1152,0.4448187217727802
1153,0.18943057782648534
1154,0.9903609765919483
1155,0.4448187217727802
1156,0.5536985383487933
1157,0.33079731789496847
1158,0.7733358953896294
1159,0.6998644395470744
1160,0.9905971276285402
1161,0.5531667076207095
1162,0.5534874694651254
1163,0.9170330760483865
1164,0.4448187217727802
1165,0.9540842498929272
1166,0.33939351028709597
1167,0.9540842498929272
1168,0.5531667076207095
1169,0.9540842498929272
1170,0.9119310169596527
1171,0.9903609765919483
1172,0.18943057782648534
1173,0.9540842498929272
1174,0.9108931974744537
1175,0.9118036399985179
1176,0.5536985383487933
1177,0.4448187217727802
1178,0.7724530724908414
1179,0.33079731789496847
1180,0.04339080558719683
1181,0.4448187217727802
1182,0.5534874694651254
1183,0.33079731789496847
1184,0.33079731789496847
1185,0.5537776595373416
1186,0.9905971276285402
1187,0.4448187217727802
1188,0.33079731789496847
1189,0.9180708955335852
1190,0.4448187217727802
1191,0.18943057782648534
1192,0.4448187217727802
1193,0.18943057782648534
1194,0.33907301388396827
1195,0.6998644395470744
1196,0.33079731789496847
1197,0.4448187217727802
1198,0.33079731789496847
1199,0.5536985383487933
1200,0.04339080558719683
1201,0.33391919025345485
1202,0.6998644395470744
1203,0.33079731789496847
1204,0.5538641713192345
1205,0.9540842498929272
1206,0.4448187217727802
1207,0.6250245837251065
1208,0.9108931974744537
1209,0.043233161649052214
1210,0.6282883142012651
1211,0.33079731789496847
1212,0.33079731789496847
1213,0.9540842498929272
1214,0.6998644395470744
1215,0.5531667076207095
1216,0.33939351028709597
1217,0.9170330760483865
1218,0.6282883142012651
1219,0.9540842498929272
1220,0.334353291067445
1221,0.6998644395470744
1222,0.6282883142012651
1223,0.4448187217727802
1224,0.6998644395470744
1225,0.5538641713192345
1226,0.33589545528184234
1227,0.9540842498929272
1228,0.9540842498929272
1229,0.4448187217727802
1230,0.4448187217727802
1231,0.04021099113252633
1232,0.9905971276285402
1233,0.9905971276285402
1234,0.4448187217727802
1235,0.9540842498929272
1236,0.9540842498929272
1237,0.33907301388396827
1238,0.9540842498929272
1239,0.33589545528184234
1240,0.5535434094748184
1241,0.9170330760483865
1242,0.33079731789496847
1243,0.5538641713192345
1244,0.9540842498929272
1245,0.4448187217727802
1246,0.3342396866565826
1247,0.5538641713192345
1248,0.6998644395470744
1249,0.4448187217727802
1250,0.04339080558719683
1251,0.5534874694651254
1252,0.18943057782648534
1253,0.9540842498929272
1254,0.9180708955335852
1255,0.04339080558719683
1256,0.9905971276285402
1257,0.6998644395470744
1258,0.04339080558719683
1259,0.9168407224548369
1260,0.9905971276285402
1261,0.5534009576832326
1262,0.33079731789496847
1263,0.03892054363571804
1264,0.9540842498929272
1265,0.18943057782648534
1266,0.9540842498929272
1267,0.4448187217727802
1268,0.33907301388396827
1269,0.9905971276285402
1270,0.6250245837251065
1271,0.9905971276285402
1272,0.03892054363571804
1273,0.6281832882599584
1274,0.9905971276285402
1275,0.33079731789496847
1276,0.5534874694651254
1277,0.4448187217727802
1278,0.3342396866565826
1279,0.33907301388396827
1280,0.9540842498929272
1281,0.18943057782648534
1282,0.4448187217727802
1283,0.18943057782648534
1284,0.6998644395470744
1285,0.6281832882599584
1286,0.04311193525116788
1287,0.3342396866565826
1288,0.18943057782648534
1289,0.3342396866565826
1290,0.5534009576832326
1291,0.6253513724254193
1292,0.5534874694651254
1293,0.04339080558719683
1294,0.9179435185724505
1295,0.04339080558719683
1296,0.18943057782648534
1297,0.9540842498929272
1298,0.03892054363571804
1299,0.9905971276285402
1300,0.18943057782648534
1301,0.33079731789496847
1302,0.6998644395470744
1303,0.9168407224548369
1304,0.5534874694651254
1305,0.9540842498929272
1306,0.18943057782648534
1307,0.33939351028709597
1308,0.7727727096926289
1309,0.6253513724254193
1310,0.9119310169596527
1311,0.7732131861242384
1312,0.9179435185724505
1313,0.5538641713192345
1314,0.9170330760483865
1315,0.33079731789496847
1316,0.33079731789496847
1317,0.6998644395470744
1318,0.5534874694651254
1319,0.9119310169596527
1320,0.18943057782648534
1321,0.9540842498929272
1322,0.9905971276285402
1323,0.9170330760483865
1324,0.5538641713192345
1325,0.6281832882599584
1326,0.7729526691151039
1327,0.04339080558719683
1328,0.6998644395470744
1329,0.4448187217727802
1330,0.4448187217727802
1331,0.7733358953896294
1332,0.6998644395470744
1333,0.3342396866565826
1334,0.9903609765919483
1335,0.5536985383487933
1336,0.6998644395470744
1337,0.3346737874705727
1338,0.03814269060710173
1339,0.03837120393117951
1340,0.4448187217727802
1341,0.3342396866565826
1342,0.9540842498929272
1343,0.4448187217727802
1344,0.04339080558719683
1345,0.9540842498929272
1346,0.7719771318083882
1347,0.33079731789496847
1348,0.18943057782648534
1349,0.33079731789496847
1350,0.33079731789496847
1351,0.9540842498929272
1352,0.4448187217727802
1353,0.6998644395470744
1354,0.6282883142012651
1355,0.5536275381086163
1356,0.6998644395470744
1357,0.6998644395470744
1358,0.33079731789496847
1359,0.5534874694651254
1360,0.5535410263267233
1361,0.4448187217727802
1362,0.5536985383487933
1363,0.9540842498929272
1364,0.04339080558719683
1365,0.33939351028709597
1366,0.18943057782648534
1367,0.33589545528184234
1368,0.6282883142012651
1369,0.3325007779589699
1370,0.7726357387331055
1371,0.18943057782648534
1372,0.18943057782648534
1373,0.6282883142012651
1374,0.4448187217727802
1375,0.6998644395470744
1376,0.9179435185724505
1377,0.18943057782648534
1378,0.33079731789496847
1379,0.4448187217727802
1380,0.9540842498929272
1381,0.33079731789496847
1382,0.18943057782648534
1383,0.041300984359041545
1384,0.6281832882599584
1385,0.18943057782648534
1386,0.9540842498929272
1387,0.33079731789496847
1388,0.5538641713192345
1389,0.9170330760483865
1390,0.5533777765043773
1391,0.33079731789496847
1392,0.18943057782648534
1393,0.3346737874705727
1394,0.3342396866565826
1395,0.6998644395470744
1396,0.9903609765919483
1397,0.7726357387331055
1398,0.33939351028709597
1399,0.9540842498929272
1400,0.18943057782648534
1401,0.18943057782648534
1402,0.9540842498929272
1403,0.6998644395470744
1404,0.3342396866565826
1405,0.9905971276285402
1406,0.33079731789496847
1407,0.33079731789496847
1408,0.9540842498929272
1409,0.4448187217727802
1410,0.030885839566204096
1411,0.33079731789496847
1412,0.04339080558719683
1413,0.03837120393117951
1414,0.3342396866565826
1415,0.5536275381086163
1416,0.9170330760483865
1417,0.33079731789496847
1418,0.33557495887871464
1419,0.33079731789496847
1420,0.04339080558719683
1421,0.6998644395470744
1422,0.3342396866565826
1423,0.4448187217727802
1424,0.9540842498929272
1425,0.9540842498929272
1426,0.9540842498929272
1427,0.5534874694651254
1428,0.5531667076207095
1429,0.6998644395470744
1430,0.04339080558719683
1431,0.9119310169596527
1432,0.5534874694651254
1433,0.18943057782648534
1434,0.9903609765919483
1435,0.9903609765919483
1436,0.9903609765919483
1437,0.18943057782648534
1438,0.9540842498929272
1439,0.9170330760483865
1440,0.6282883142012651
1441,0.6282883142012651
1442,0.04339080558719683
1443,0.9540842498929272
1444,0.9905971276285402
1445,0.6250245837251065
1446,0.917751164978901
1447,0.334353291067445
1448,0.5534874694651254
1449,0.3342396866565826
1450,0.4448187217727802
1451,0.5534874694651254
1452,0.18943057782648534
1453,0.4448187217727802
1454,0.3342396866565826
1455,0.5537776595373416
1456,0.04339080558719683
1457,0.9540842498929272
1458,0.9903609765919483
1459,0.5537776595373416
1460,0.18943057782648534
1461,0.5535434094748184
1462,0.33939351028709597
1463,0.6998644395470744
1464,0.9905971276285402
1465,0.03837120393117951
1466,0.3342396866565826
1467,0.3342396866565826
1468,0.9540842498929272
1469,0.04339080558719683
1470,0.9540842498929272
1471,0.18943057782648534
1472,0.6998644395470744
1473,0.9540842498929272
1474,0.9905971276285402
1475,0.9905971276285402
1476,0.9170330760483865
1477,0.6998644395470744
1478,0.9179435185724505
1479,0.6998644395470744
1480,0.9540842498929272
1481,0.33079731789496847
1482,0.6998644395470744
1483,0.9905971276285402
1484,0.7719171748315151
1485,0.6998644395470744
1486,0.9108931974744537
1487,0.9180708955335852
1488,0.9540842498929272
1489,0.6282883142012651
1490,0.6282883142012651
1491,0.6282883142012651
1492,0.7725757817562324
1493,0.9180708955335852
1494,0.18943057782648534
1495,0.18943057782648534
1496,0.9903609765919483
1497,0.6998644395470744
1498,0.9540842498929272
1499,0.9540842498929272
1500,0.33079731789496847
1501,0.6998644395470744
1502,0.5536120265669003
1503,0.6998644395470744
1504,0.9540842498929272
1505,0.5534874694651254
1506,0.4448187217727802
1507,0.6998644395470744
1508,0.9540842498929272
1509,0.9540842498929272
1510,0.9540842498929272
1511,0.33079731789496847
1512,0.03892054363571804
1513,0.04021099113252633
1514,0.18943057782648534
1515,0.7725757817562324
1516,0.3342396866565826
1517,0.5537776595373416
1518,0.03892054363571804
1519,0.33079731789496847
1520,0.7725757817562324
1521,0.33079731789496847
1522,0.9903609765919483
1523,0.4448187217727802
1524,0.9540842498929272
1525,0.18943057782648534
1526,0.6281832882599584
1527,0.5538641713192345
1528,0.9540842498929272
1529,0.7733358953896294
1530,0.9107008438809043
1531,0.18943057782648534
1532,0.18943057782648534
1533,0.9540842498929272
1534,0.33079731789496847
1535,0.04339080558719683
1536,0.4448187217727802
1537,0.4448187217727802
1538,0.33079731789496847
1539,0.7733358953896294
1540,0.3342396866565826
1541,0.33939351028709597
1542,0.6282883142012651
1543,0.4448187217727802
1544,0.7726357387331055
1545,0.33079731789496847
1546,0.9903609765919483
1547,0.5534874694651254
1548,0.9179435185724505
1549,0.9180708955335852
1550,0.9119860061089589
1551,0.4448187217727802
1552,0.9905971276285402
1553,0.4448187217727802
1554,0.6282883142012651
1555,0.18943057782648534
1556,0.9540842498929272
1557,0.9905971276285402
1558,0.4448187217727802
1559,0.9170330760483865
1560,0.33939351028709597
1561,0.5538641713192345
1562,0.3325007779589699
1563,0.33079731789496847
1564,0.7733958523665025
1565,0.9905971276285402
1566,0.9903609765919483
1567,0.03892054363571804
1568,0.33079731789496847
1569,0.9905971276285402
1570,0.6282883142012651
1571,0.9903609765919483
1572,0.18943057782648534
1573,0.7726357387331055
1574,0.3342396866565826
1575,0.4448187217727802
1576,0.7725185315991484
1577,0.18943057782648534
1578,0.9905971276285402
1579,0.3346737874705727
1580,0.04339080558719683
1581,0.9540842498929272
1582,0.33907301388396827
1583,0.7719171748315151
1584,0.6274177387535292
1585,0.9905971276285402
1586,0.6282883142012651
1587,0.6282883142012651
1588,0.04339080558719683
1589,0.33079731789496847
1590,0.18943057782648534
1591,0.5531667076207095
1592,0.33589545528184234
1593,0.6282883142012651
1594,0.9905971276285402
1595,0.33079731789496847
1596,0.6998644395470744
1597,0.6282883142012651
1598,0.6282883142012651
1599,0.9903609765919483
1600,0.5534874694651254
1601,0.03892054363571804
1602,0.6998644395470744
1603,0.9119310169596527
1604,0.9108931974744537
1605,0.33079731789496847
1606,0.7732131861242384
1607,0.4448187217727802
1608,0.03892054363571804
1609,0.18943057782648534
1610,0.9119310169596527
1611,0.7719771318083882
1612,0.6282883142012651
1613,0.5534874694651254
1614,0.9905971276285402
1615,0.33079731789496847
1616,0.33079731789496847
1617,0.9118036399985179
1618,0.4448187217727802
1619,0.6282883142012651
1620,0.9179435185724505
1621,0.33589545528184234
1622,0.6281832882599584
1623,0.6998644395470744
1624,0.6998644395470744
1625,0.18943057782648534
1626,0.4448187217727802
1627,0.4448187217727802
1628,0.6998644395470744
1629,0.9108931974744537
1630,0.18943057782648534
1631,0.33079731789496847
1632,0.6998644395470744
1633,0.6998644395470744
1634,0.03892054363571804
1635,0.33939351028709597
1636,0.4448187217727802
1637,0.9110755635848946
1638,0.041300984359041545
1639,0.33939351028709597
1640,0.3346737874705727
1641,0.18943057782648534
1642,0.33079731789496847
1643,0.6282883142012651
1644,0.9905971276285402
1645,0.9540842498929272
1646,0.4448187217727802
1647,0.6998644395470744
1648,0.9903609765919483
1649,0.6276595507584382
1650,0.9540842498929272
1651,0.4448187217727802
1652,0.4448187217727802
1653,0.18943057782648534
1654,0.33079731789496847
1655,0.4448187217727802
1656,0.33982761110108606
1657,0.3363295560958324
1658,0.18943057782648534
1659,0.7724530724908414
1660,0.5534009576832326
1661,0.9180708955335852
1662,0.6998644395470744
1663,0.9170330760483865
1664,0.4448187217727802
1665,0.04339080558719683
1666,0.6998644395470744
1667,0.5538641713192345
1668,0.18943057782648534
1669,0.33079731789496847
1670,0.03837120393117951
1671,0.4448187217727802
1672,0.3342396866565826
1673,0.9903609765919483
1674,0.7719171748315151
1675,0.9903609765919483
1676,0.33079731789496847
1677,0.04339080558719683
1678,0.6251296096664134
1679,0.7732786452325455
1680,0.5538641713192345
1681,0.5538641713192345
1682,0.18943057782648534
1683,0.03892054363571804
1684,0.33079731789496847
1685,0.04339080558719683
1686,0.18943057782648534
1687,0.9905971276285402
1688,0.4448187217727802
1689,0.03892054363571804
1690,0.7719771318083882
1691,0.33079731789496847
1692,0.3342396866565826
1693,0.9540842498929272
1694,0.5531667076207095
1695,0.33939351028709597
1696,0.18943057782648534
1697,0.4448187217727802
1698,0.4448187217727802
1699,0.5536985383487933
1700,0.9180708955335852
1701,0.4448187217727802
1702,0.9168407224548369
1703,0.18943057782648534
1704,0.6276595507584382
1705,0.9903609765919483
1706,0.9540842498929272
1707,0.030885839566204096
1708,0.6998644395470744
1709,0.917751164978901
1710,0.18943057782648534
1711,0.9903609765919483
1712,0.9903609765919483
1713,0.6282883142012651
1714,0.9540842498929272
1715,0.7733358953896294
1716,0.33079731789496847
1717,0.6998644395470744
1718,0.33079731789496847
1719,0.33079731789496847
1720,0.9540842498929272
1721,0.7725757817562324
1722,0.18943057782648534
1723,0.9170330760483865
1724,0.6250245837251065
1725,0.7733358953896294
1726,0.7726357387331055
1727,0.33079731789496847
1728,0.18943057782648534
1729,0.6998644395470744
1730,0.7725757817562324
1731,0.6282883142012651
1732,0.18943057782648534
1733,0.6282883142012651
1734,0.9540842498929272
1735,0.9540842498929272
1736,0.9540842498929272
1737,0.7733358953896294
1738,0.04339080558719683
1739,0.7725757817562324
1740,0.33079731789496847
1741,0.4448187217727802
1742,0.4448187217727802
1743,0.33079731789496847
1744,0.9905971276285402
1745,0.5538641713192345
1746,0.33079731789496847
1747,0.6998644395470744
1748,0.5538641713192345
1749,0.18943057782648534
1750,0.5534874694651254
1751,0.6998644395470744
1752,0.9905971276285402
1753,0.7733358953896294
1754,0.6998644395470744
1755,0.7725757817562324
1756,0.04311193525116788
1757,0.33079731789496847
1758,0.5534874694651254
1759,0.33079731789496847
1760,0.9540842498929272
1761,0.4448187217727802
1762,0.9180708955335852
1763,0.6998644395470744
1764,0.33079731789496847
1765,0.4448187217727802
1766,0.9180708955335852
1767,0.6998644395470744
1768,0.4448187217727802
1769,0.4448187217727802
1770,0.33982761110108606
1771,0.9540842498929272
1772,0.33079731789496847
1773,0.6282883142012651
1774,0.5534874694651254
1775,0.03892054363571804
1776,0.4448187217727802
1777,0.33079731789496847
1778,0.4448187217727802
1779,0.18943057782648534
1780,0.6250245837251065
1781,0.6281832882599584
1782,0.6998644395470744
1783,0.6282883142012651
1784,0.7724530724908414
1785,0.6998644395470744
1786,0.04339080558719683
1787,0.9540842498929272
1788,0.9179435185724505
1789,0.4448187217727802
1790,0.5536120265669003
1791,0.03892054363571804
1792,0.7723958223337575
1793,0.18943057782648534
1794,0.18943057782648534
1795,0.6282883142012651
1796,0.03814269060710173
1797,0.18943057782648534
1798,0.33557495887871464
1799,0.7725757817562324
1800,0.9540842498929272
1801,0.5534874694651254
1802,0.6998644395470744
1803,0.33079731789496847
1804,0.6998644395470744
1805,0.5534874694651254
1806,0.9179435185724505
1807,0.33939351028709597
1808,0.18943057782648534
1809,0.9903609765919483
1810,0.5534874694651254
1811,0.6282883142012651
1812,0.7733958523665025
1813,0.9180708955335852
1814,0.041300984359041545
1815,0.9540842498929272
1816,0.03892054363571804
1817,0.18943057782648534
1818,0.33079731789496847
1819,0.18943057782648534
1820,0.4448187217727802
1821,0.9180708955335852
1822,0.9180708955335852
1823,0.18943057782648534
1824,0.9540842498929272
1825,0.18943057782648534
1826,0.5538641713192345
1827,0.4448187217727802
1828,0.6281832882599584
1829,0.7726357387331055
1830,0.9170330760483865
1831,0.6250245837251065
1832,0.9540842498929272
1833,0.9903609765919483
1834,0.9540842498929272
1835,0.030885839566204096
1836,0.4448187217727802
1837,0.9540842498929272
1838,0.33939351028709597
1839,0.18943057782648534
1840,0.9170330760483865
1841,0.04339080558719683
1842,0.5534009576832326
1843,0.6282883142012651
1844,0.4448187217727802
1845,0.4448187217727802
1846,0.9179435185724505
1847,0.18943057782648534
1848,0.04021099113252633
1849,0.6998644395470744
1850,0.33589545528184234
1851,0.4448187217727802
1852,0.9540842498929272
1853,0.9118036399985179
1854,0.3342396866565826
1855,0.33939351028709597
1856,0.9180708955335852
1857,0.9180708955335852
1858,0.9540842498929272
1859,0.9540842498929272
1860,0.4448187217727802
1861,0.33391919025345485
1862,0.5534874694651254
1863,0.5534874694651254
1864,0.3346737874705727
1865,0.04339080558719683
1866,0.7725757817562324
1867,0.7726239668272913
1868,0.04339080558719683
1869,0.7733358953896294
1870,0.6998644395470744
1871,0.5538641713192345
1872,0.33589545528184234
1873,0.18943057782648534
1874,0.917751164978901
1875,0.043233161649052214
1876,0.9905971276285402
1877,0.9119310169596527
1878,0.7726357387331055
1879,0.4448187217727802
1880,0.5531667076207095
1881,0.6998644395470744
1882,0.33079731789496847
1883,0.6998644395470744
1884,0.4448187217727802
1885,0.5534009576832326
1886,0.4448187217727802
1887,0.4448187217727802
1888,0.33391919025345485
1889,0.6998644395470744
1890,0.9540842498929272
1891,0.9119310169596527
1892,0.7717944655661241
1893,0.33079731789496847
1894,0.3346737874705727
1895,0.9905971276285402
1896,0.9540842498929272
1897,0.33079731789496847
1898,0.33079731789496847
1899,0.33391919025345485
1900,0.03837120393117951
1901,0.9903609765919483
1902,0.18943057782648534
1903,0.6281832882599584
1904,0.6998644395470744
1905,0.6282883142012651
1906,0.33079731789496847
1907,0.9903609765919483
1908,0.9540842498929272
1909,0.6281832882599584
1910,0.6998644395470744
1911,0.4448187217727802
1912,0.04339080558719683
1913,0.5534874694651254
1914,0.7733358953896294
1915,0.6282883142012651
1916,0.6998644395470744
1917,0.4448187217727802
1918,0.6250245837251065
1919,0.7733958523665025
1920,0.7726357387331055
1921,0.5534874694651254
1922,0.03892054363571804
1923,0.7718544225429972
1924,0.3342396866565826
1925,0.9903609765919483
1926,0.7725757817562324
1927,0.4448187217727802
1928,0.6276595507584382
1929,0.9540842498929272
1930,0.5531667076207095
1931,0.6282883142012651
1932,0.9170330760483865
1933,0.9118036399985179
1934,0.9540842498929272
1935,0.9178785419400357
1936,0.041300984359041545
1937,0.5534874694651254
1938,0.4448187217727802
1939,0.9903609765919483
1940,0.6998644395470744
1941,0.7733358953896294
1942,0.04339080558719683
1943,0.3325007779589699
1944,0.6281832882599584
1945,0.6998644395470744
1946,0.18943057782648534
1947,0.6998644395470744
1948,0.6282883142012651
1949,0.7726357387331055
1950,0.7733958523665025
1951,0.6274177387535292
1952,0.9905971276285402
1953,0.9178785419400357
1954,0.3342396866565826
1955,0.3342396866565826
1956,0.04339080558719683
1957,0.04339080558719683
1958,0.9540842498929272
1959,0.9540842498929272
1960,0.9905971276285402
1961,0.6998644395470744
1962,0.33079731789496847
1963,0.5534874694651254
1964,0.9540842498929272
1965,0.33589545528184234
1966,0.7719171748315151
1967,0.6281832882599584
1968,0.6274177387535292
1969,0.4448187217727802
1970,0.6998644395470744
1971,0.03814269060710173
1972,0.6282883142012651
1973,0.33079731789496847
1974,0.9540842498929272
1975,0.9905971276285402
1976,0.5534874694651254
1977,0.33079731789496847
1978,0.9170330760483865
1979,0.6281832882599584
1980,0.9905971276285402
1981,0.4448187217727802
1982,0.18943057782648534
1983,0.04339080558719683
1984,0.18943057782648534
1985,0.18943057782648534
1986,0.33079731789496847
1987,0.18943057782648534
1988,0.3342396866565826
1989,0.9540842498929272
1990,0.4448187217727802
1991,0.9180708955335852
1992,0.9180708955335852
1993,0.7726867191158091
1994,0.33079731789496847
1995,0.6251296096664134
1996,0.33079731789496847
1997,0.7725757817562324
1998,0.03892054363571804
1999,0.5538641713192345
2000,0.33079731789496847
2001,0.9178785419400357
2002,0.9540842498929272
2003,0.6998644395470744
2004,0.3342396866565826
2005,0.33079731789496847
2006,0.5536985383487933
2007,0.9540842498929272
2008,0.33939351028709597
2009,0.03892054363571804
2010,0.9178785419400357
2011,0.9540842498929272
2012,0.6281832882599584
2013,0.04339080558719683
2014,0.5534009576832326
2015,0.9905971276285402
2016,0.18943057782648534
2017,0.6251296096664134
2018,0.5534874694651254
2019,0.7726357387331055
2020,0.3342396866565826
2021,0.9180708955335852
2022,0.33079731789496847
2023,0.18943057782648534
2024,0.6998644395470744
2025,0.4448187217727802
2026,0.043233161649052214
2027,0.7733958523665025
2028,0.9903609765919483
2029,0.9905971276285402
2030,0.9905971276285402
2031,0.5537776595373416
2032,0.5537776595373416
2033,0.4448187217727802
2034,0.33079731789496847
2035,0.04339080558719683
2036,0.6998644395470744
2037,0.33079731789496847
2038,0.04339080558719683
2039,0.4448187217727802
2040,0.7732786452325455
2041,0.9178785419400357
2042,0.33939351028709597
2043,0.6998644395470744
2044,0.6281832882599584
2045,0.9903609765919483
2046,0.7719171748315151
2047,0.6281832882599584
2048,0.7725640098504182
2049,0.7729526691151039
2050,0.9540842498929272
2051,0.18943057782648534
2052,0.9540842498929272
2053,0.4448187217727802
